3.16975650000e+03 3.30000000000e+00
3.17330000000e-05 3.30000000000e+00
4.28710000000e-05 3.30000000000e+00
1.71140000000e+00 3.30000000000e+00
6.75391390000e+03 3.30000000000e+00
2.04800000000e-05 3.30000000000e+00
1.35800000000e+00 3.30000000000e+00
8.71491490000e+03 3.30000000000e+00
1.65180000000e-05 3.30000000000e+00
3.46370000000e-05 3.30000000000e+00
1.35930000000e+00 3.30000000000e+00
2.45415320000e+03 3.30000000000e+00
2.74880000000e-05 3.30000000000e+00
7.53530000000e-01 3.30000000000e+00
5.40009810000e+03 3.30000000000e+00
4.99740000000e-05 3.30000000000e+00
1.42920000000e-05 3.30000000000e+00
1.49600000000e+00 3.30000000000e+00
6.19964990000e+03 3.30000000000e+00
1.05600000000e-05 3.30000000000e+00
1.47420000000e+00 3.30000000000e+00
3.03587780000e+03 3.30000000000e+00
6.50900000000e-06 3.30000000000e+00
3.43210000000e-05 3.30000000000e+00
8.23160000000e-01 3.30000000000e+00
8.95818500000e+03 3.30000000000e+00
4.78180000000e-05 3.30000000000e+00
1.32940000000e+00 3.30000000000e+00
7.85898740000e+03 3.30000000000e+00
1.35740000000e-06 3.30000000000e+00
3.06130000000e-05 3.30000000000e+00
1.67790000000e+00 3.30000000000e+00
2.61077640000e+03 3.30000000000e+00
2.36330000000e-05 3.30000000000e+00
1.21000000000e-01 3.30000000000e+00
