1.00000000000e+02 -4.39641042018e-06 2.31956481391e-10
1.25892541179e+02 -4.39641041667e-06 2.92015908750e-10
1.58489319246e+02 -4.39641041110e-06 3.67626247967e-10
1.99526231497e+02 -4.39641040228e-06 4.62814025196e-10
2.51188643151e+02 -4.39641038830e-06 5.82648336432e-10
3.16227766017e+02 -4.39641036614e-06 7.33510795234e-10
3.98107170553e+02 -4.39641033103e-06 9.23435376673e-10
5.01187233627e+02 -4.39641027537e-06 1.16253625531e-09
6.30957344480e+02 -4.39641018716e-06 1.46354642092e-09
7.94328234724e+02 -4.39641004736e-06 1.84249575464e-09
1.00000000000e+03 -4.39640982579e-06 2.31956467478e-09
1.25892541179e+03 -4.39640947462e-06 2.92015880990e-09
1.58489319246e+03 -4.39640891806e-06 3.67626192579e-09
1.99526231497e+03 -4.39640803596e-06 4.62813914683e-09
2.51188643151e+03 -4.39640663794e-06 5.82648115929e-09
3.16227766017e+03 -4.39640442223e-06 7.33510355272e-09
3.98107170553e+03 -4.39640091056e-06 9.23434498834e-09
5.01187233627e+03 -4.39639534495e-06 1.16253450379e-08
6.30957344480e+03 -4.39638652406e-06 1.46354292618e-08
7.94328234724e+03 -4.39637254392e-06 1.84248878173e-08
1.00000000000e+04 -4.39635038696e-06 2.31955076202e-08
1.25892541179e+04 -4.39631527073e-06 2.92013105039e-08
1.58489319246e+04 -4.39625961573e-06 3.67620653857e-08
1.99526231497e+04 -4.39617140964e-06 4.62802863569e-08
2.51188643151e+04 -4.39603161533e-06 5.82626066342e-08
3.16227766017e+04 -4.39581006358e-06 7.33466361461e-08
3.98107170553e+04 -4.39545894607e-06 9.23346722482e-08
5.01187233627e+04 -4.39490250840e-06 1.16235937593e-07
6.30957344480e+04 -4.39402072989e-06 1.46319352856e-07
7.94328234724e+04 -4.39262349580e-06 1.84179173161e-07
1.00000000000e+05 -4.39040975887e-06 2.31816024805e-07
1.25892541179e+05 -4.38690305439e-06 2.91735750745e-07
1.58489319246e+05 -4.38134989968e-06 3.67067542767e-07
1.99526231497e+05 -4.37256027177e-06 4.61700157130e-07
2.51188643151e+05 -4.35865853563e-06 5.80428702973e-07
3.16227766017e+05 -4.33669802922e-06 7.29090950007e-07
3.98107170553e+05 -4.30207331234e-06 9.14644642638e-07
5.01187233627e+05 -4.24764522364e-06 1.14508430728e-06
6.30957344480e+05 -4.16249081663e-06 1.42899951317e-06
7.94328234724e+05 -4.03024444535e-06 1.77441559937e-06
1.00000000000e+06 -3.82720082330e-06 2.18633077061e-06
1.25892541179e+06 -3.52087340204e-06 2.66216039453e-06
1.58489319246e+06 -3.07072747075e-06 3.18446911731e-06
1.99526231497e+06 -2.43418429223e-06 3.71172555254e-06
2.51188643151e+06 -1.58131827203e-06 4.17134003220e-06
3.16227766017e+06 -5.17587549065e-07 4.46404349510e-06
3.98107170553e+06 6.96702323553e-07 4.48836956601e-06
5.01187233627e+06 1.95034647253e-06 4.17984543709e-06
6.30957344480e+06 3.11727408832e-06 3.53871000423e-06
7.94328234724e+06 4.10332001198e-06 2.62164330989e-06
1.00000000000e+07 4.87065741196e-06 1.50435651335e-06
1.25892541179e+07 5.43040687823e-06 2.44428702976e-07
1.58489319246e+07 5.81975514486e-06 -1.13666845402e-06
1.99526231497e+07 6.08169745855e-06 -2.65433841377e-06
2.51188643151e+07 6.25399433071e-06 -4.35466649235e-06
3.16227766017e+07 6.36564817048e-06 -6.30870413729e-06
3.98107170553e+07 6.43730278213e-06 -8.61000397811e-06
5.01187233627e+07 6.48299598997e-06 -1.13756034917e-05
6.30957344480e+07 6.51200807312e-06 -1.47499344735e-05
7.94328234724e+07 6.53036580611e-06 -1.89112389577e-05
1.00000000000e+08 6.54193705462e-06 -2.40803845374e-05
1.25892541179e+08 6.54918156351e-06 -3.05322749086e-05
1.58489319246e+08 6.55364791136e-06 -3.86103093623e-05
1.99526231497e+08 6.55629411473e-06 -4.87445784881e-05
2.51188643151e+08 6.55768894700e-06 -6.14747217688e-05
3.16227766017e+08 6.55813252265e-06 -7.74786420146e-05
3.98107170553e+08 6.55772020501e-06 -9.76085944221e-05
5.01187233627e+08 6.55636284265e-06 -1.22936566370e-04
6.30957344480e+08 6.55376738750e-06 -1.54811361688e-04
7.94328234724e+08 6.54937358501e-06 -1.94930427869e-04
1.00000000000e+09 6.54223302095e-06 -2.45430250558e-04
