1.00000000000e+02 -1.33046056570e-01 7.57382906561e-05
1.25892541179e+02 -1.33046034752e-01 9.53488452351e-05
1.58489319246e+02 -1.33046000172e-01 1.20037057280e-04
1.99526231497e+02 -1.33045945366e-01 1.51117647952e-04
2.51188643151e+02 -1.33045858506e-01 1.90245739803e-04
3.16227766017e+02 -1.33045720842e-01 2.39504982082e-04
3.98107170553e+02 -1.33045502659e-01 3.01518480729e-04
5.01187233627e+02 -1.33045156863e-01 3.79588424613e-04
6.30957344480e+02 -1.33044608818e-01 4.77871812013e-04
7.94328234724e+02 -1.33043740233e-01 6.01601572308e-04
1.00000000000e+03 -1.33042363637e-01 7.57364732507e-04
1.25892541179e+03 -1.33040181932e-01 9.53452190865e-04
1.58489319246e+03 -1.33036724288e-01 1.20029822327e-03
1.99526231497e+03 -1.33031244609e-01 1.51103212841e-03
2.51188643151e+03 -1.33022560703e-01 1.90216939609e-03
3.16227766017e+03 -1.33008799644e-01 2.39447523327e-03
3.98107170553e+03 -1.32986994874e-01 3.01403851837e-03
5.01187233627e+03 -1.32952449287e-01 3.79359761736e-03
6.30957344480e+03 -1.32897729966e-01 4.77415733401e-03
7.94328234724e+03 -1.32811085331e-01 6.00692093374e-03
1.00000000000e+04 -1.32673962536e-01 7.55551717672e-03
1.25892541179e+04 -1.32457137731e-01 9.49839906611e-03
1.58489319246e+04 -1.32114744279e-01 1.19310701374e-02
1.99526231497e+04 -1.31575206391e-01 1.49673485530e-02
2.51188643151e+04 -1.30727843143e-01 1.87380263977e-02
3.16227766017e+04 -1.29403977125e-01 2.33837504396e-02
3.98107170553e+04 -1.27352474627e-01 2.90364657375e-02
5.01187233627e+04 -1.24213290948e-01 3.57804661382e-02
6.30957344480e+04 -1.19501362234e-01 4.35818207279e-02
7.94328234724e+04 -1.12629284957e-01 5.21798751775e-02
1.00000000000e+05 -1.03015918519e-01 6.09595380896e-02
1.25892541179e+05 -9.03234642941e-02 6.88798271598e-02
1.58489319246e+05 -7.47870358335e-02 7.45965442341e-02
1.99526231497e+05 -5.74387183784e-02 7.68766514686e-02
2.51188643151e+05 -3.99466608246e-02 7.51586927839e-02
3.16227766017e+05 -2.40336349907e-02 6.98544605059e-02
3.98107170553e+05 -1.08558640000e-02 6.21235249337e-02
5.01187233627e+05 -7.66644972121e-04 5.33237768026e-02
6.30957344480e+05 6.50358740915e-03 4.45554292391e-02
7.94328234724e+05 1.15167108662e-02 3.64946384605e-02
1.00000000000e+06 1.48693184857e-02 2.94441010877e-02
1.25892541179e+06 1.70657382077e-02 2.34584501636e-02
1.58489319246e+06 1.84852522467e-02 1.84577341339e-02
1.99526231497e+06 1.93944591644e-02 1.43034360481e-02
2.51188643151e+06 1.99732183726e-02 1.08410986874e-02
3.16227766017e+06 2.03397865456e-02 7.92070467952e-03
3.98107170553e+06 2.05705960960e-02 5.40424802707e-03
5.01187233627e+06 2.07143865520e-02 3.16659307181e-03
6.30957344480e+06 2.08017625413e-02 1.09305968897e-03
7.94328234724e+06 2.08514114829e-02 -9.24508306020e-04
1.00000000000e+07 2.08739814403e-02 -2.99239336329e-03
1.25892541179e+07 2.08743173477e-02 -5.22009311707e-03
1.58489319246e+07 2.08524824861e-02 -7.72584297688e-03
1.99526231497e+07 2.08037637696e-02 -1.06427156848e-02
2.51188643151e+07 2.07176544086e-02 -1.41255257048e-02
3.16227766017e+07 2.05755943526e-02 -1.83588160528e-02
3.98107170553e+07 2.03469883572e-02 -2.35662255597e-02
5.01187233627e+07 1.99826641773e-02 -3.00215084011e-02
6.30957344480e+07 1.94044151247e-02 -3.80613556002e-02
7.94328234724e+07 1.84885108716e-02 -4.80998439924e-02
1.00000000000e+08 1.70399690028e-02 -6.06436008048e-02
1.25892541179e+08 1.47529056046e-02 -7.63052194078e-02
1.58489319246e+08 1.11505503572e-02 -9.58093640790e-02
1.99526231497e+08 5.49718442959e-03 -1.19980135747e-01
2.51188643151e+08 -3.32461618446e-03 -1.49687893470e-01
3.16227766017e+08 -1.69693782750e-02 -1.85717313206e-01
3.98107170553e+08 -3.77879228376e-02 -2.28497961746e-01
5.01187233627e+08 -6.88999964079e-02 -2.77628729833e-01
6.30957344480e+08 -1.13983475617e-01 -3.31173083344e-01
7.94328234724e+08 -1.76476944557e-01 -3.84888364825e-01
1.00000000000e+09 -2.57977703885e-01 -4.31932227388e-01
