1.00000000000e+02 -5.47982738526e-01 2.87619014050e-05
1.25892541179e+02 -5.47982738091e-01 3.62090885579e-05
1.58489319246e+02 -5.47982737403e-01 4.55845416986e-05
1.99526231497e+02 -5.47982736312e-01 5.73875378799e-05
2.51188643151e+02 -5.47982734583e-01 7.22466296587e-05
3.16227766017e+02 -5.47982731843e-01 9.09531177970e-05
3.98107170553e+02 -5.47982727500e-01 1.14503190884e-04
5.01187233627e+02 -5.47982720617e-01 1.44150975952e-04
6.30957344480e+02 -5.47982709708e-01 1.81475325197e-04
7.94328234724e+02 -5.47982692418e-01 2.28463895386e-04
1.00000000000e+03 -5.47982665016e-01 2.87618997355e-04
1.25892541179e+03 -5.47982621586e-01 3.62090852268e-04
1.58489319246e+03 -5.47982552754e-01 4.55845350522e-04
1.99526231497e+03 -5.47982443663e-01 5.73875246187e-04
2.51188643151e+03 -5.47982270766e-01 7.22466031991e-04
3.16227766017e+03 -5.47981996743e-01 9.09530650031e-04
3.98107170553e+03 -5.47981562445e-01 1.14503085546e-03
5.01187233627e+03 -5.47980874130e-01 1.44150765776e-03
6.30957344480e+03 -5.47979783225e-01 1.81474905841e-03
7.94328234724e+03 -5.47978054261e-01 2.28463058661e-03
1.00000000000e+04 -5.47975314047e-01 2.87617327872e-03
1.25892541179e+04 -5.47970971120e-01 3.62087521221e-03
1.58489319246e+04 -5.47964088100e-01 4.55838704243e-03
1.99526231497e+04 -5.47953179381e-01 5.73861985217e-03
2.51188643151e+04 -5.47935890564e-01 7.22439573194e-03
3.16227766017e+04 -5.47908490481e-01 9.09477858795e-03
3.98107170553e+04 -5.47865066403e-01 1.14492552628e-02
5.01187233627e+04 -5.47796249217e-01 1.44129750844e-02
6.30957344480e+04 -5.47687194735e-01 1.81432978716e-02
7.94328234724e+04 -5.47514388703e-01 2.28379413087e-02
1.00000000000e+05 -5.47240594154e-01 2.87450464752e-02
1.25892541179e+05 -5.46806871295e-01 3.61754685845e-02
1.58489319246e+05 -5.46119999550e-01 4.55174927353e-02
1.99526231497e+05 -5.45032717149e-01 5.72538577402e-02
2.51188643151e+05 -5.43312838365e-01 7.19802187408e-02
3.16227766017e+05 -5.40595391239e-01 9.04225544438e-02
3.98107170553e+05 -5.36309443561e-01 1.13447713217e-01
5.01187233627e+05 -5.29568714345e-01 1.42054860602e-01
6.30957344480e+05 -5.19014148088e-01 1.77323767414e-01
7.94328234724e+05 -5.02602186308e-01 2.20275838475e-01
1.00000000000e+06 -4.77355628384e-01 2.71574509114e-01
1.25892541179e+06 -4.39155610800e-01 3.30962199769e-01
1.58489319246e+06 -3.82779402786e-01 3.96340702116e-01
1.99526231497e+06 -3.02572024505e-01 4.62548821545e-01
2.51188643151e+06 -1.94228887090e-01 5.20313294437e-01
3.16227766017e+06 -5.77478364219e-02 5.56496580230e-01
3.98107170553e+06 9.96964597280e-02 5.56918294708e-01
5.01187233627e+06 2.63571769002e-01 5.11450365653e-01
6.30957344480e+06 4.16115149565e-01 4.18234844601e-01
7.94328234724e+06 5.42500977702e-01 2.83411485386e-01
1.00000000000e+07 6.34505136530e-01 1.16565216457e-01
1.25892541179e+07 6.89709145841e-01 -7.43049789426e-02
1.58489319246e+07 7.08045971393e-01 -2.85251790673e-01
1.99526231497e+07 6.88248349829e-01 -5.16022633873e-01
2.51188643151e+07 6.25411871580e-01 -7.67944095473e-01
3.16227766017e+07 5.09878543984e-01 -1.04080022650e+00
3.98107170553e+07 3.27732194792e-01 -1.32892216880e+00
5.01187233627e+07 6.38585578305e-02 -1.61695776071e+00
6.30957344480e+07 -2.91305634360e-01 -1.87721800957e+00
7.94328234724e+07 -7.32098447051e-01 -2.07238431194e+00
1.00000000000e+08 -1.23030910770e+00 -2.16669698756e+00
1.25892541179e+08 -1.73840938809e+00 -2.14224649895e+00
1.58489319246e+08 -2.20548111910e+00 -2.00899475646e+00
1.99526231497e+08 -2.59572296069e+00 -1.79970996882e+00
2.51188643151e+08 -2.89661683623e+00 -1.55442354163e+00
3.16227766017e+08 -3.11458050538e+00 -1.30656107740e+00
3.98107170553e+08 -3.26543518444e+00 -1.07732990395e+00
5.01187233627e+08 -3.36657919290e+00 -8.76784972062e-01
6.30957344480e+08 -3.43295756522e+00 -7.07418434722e-01
7.94328234724e+08 -3.47591033026e+00 -5.67557544687e-01
1.00000000000e+09 -3.50345164039e+00 -4.53697046905e-01
