1.00000000000e+02 -9.41489079146e-02 4.55711630090e-05
1.25892541179e+02 -9.41488977854e-02 5.73706903191e-05
1.58489319246e+02 -9.41488817317e-02 7.22254102817e-05
1.99526231497e+02 -9.41488562883e-02 9.09263851202e-05
2.51188643151e+02 -9.41488159634e-02 1.14469498401e-04
3.16227766017e+02 -9.41487520526e-02 1.44108483734e-04
3.98107170553e+02 -9.41486507611e-02 1.81421679236e-04
5.01187233627e+02 -9.41484902252e-02 2.28396056982e-04
6.30957344480e+02 -9.41482357937e-02 2.87532991020e-04
7.94328234724e+02 -9.41478325493e-02 3.61981373879e-04
1.00000000000e+03 -9.41471934555e-02 4.55705125461e-04
1.25892541179e+03 -9.41461805740e-02 5.73693924860e-04
1.58489319246e+03 -9.41445753000e-02 7.22228207991e-04
1.99526231497e+03 -9.41420311998e-02 9.09212185337e-04
2.51188643151e+03 -9.41379992931e-02 1.14459190054e-03
3.16227766017e+03 -9.41316097053e-02 1.44087916982e-03
3.98107170553e+03 -9.41214842812e-02 1.81380646659e-03
5.01187233627e+03 -9.41054400566e-02 2.28314197258e-03
6.30957344480e+03 -9.40800204399e-02 2.87369694263e-03
7.94328234724e+03 -9.40397550655e-02 3.61655664213e-03
1.00000000000e+04 -9.39759939576e-02 4.55055597415e-03
1.25892541179e+04 -9.38750778564e-02 5.72399045545e-03
1.58489319246e+04 -9.37154834336e-02 7.19648053538e-03
1.99526231497e+04 -9.34634107724e-02 9.04075034108e-03
2.51188643151e+04 -9.30660667860e-02 1.13437632442e-02
3.16227766017e+04 -9.24416976126e-02 1.42060423170e-02
3.98107170553e+04 -9.14654239566e-02 1.77368901295e-02
5.01187233627e+04 -8.99506324337e-02 2.20413846989e-02
6.30957344480e+04 -8.76281678376e-02 2.71924980399e-02
7.94328234724e+04 -8.41317707568e-02 3.31796287042e-02
1.00000000000e+05 -7.90100425395e-02 3.98275024113e-02
1.25892541179e+05 -7.18002212907e-02 4.66961971735e-02
1.58489319246e+05 -6.21998206352e-02 5.30142510218e-02
1.99526231497e+05 -5.03204527167e-02 5.77483124413e-02
2.51188643151e+05 -3.68864789727e-02 5.98981584303e-02
3.16227766017e+05 -2.31568844945e-02 5.89350364415e-02
3.98107170553e+05 -1.05027096204e-02 5.50817543566e-02
5.01187233627e+05 9.67824158303e-05 4.91888360327e-02
6.30957344480e+05 8.28687408877e-03 4.23191021570e-02
7.94328234724e+05 1.42293150194e-02 3.53676608271e-02
1.00000000000e+06 1.83468594825e-02 2.89025719437e-02
1.25892541179e+06 2.11096089249e-02 2.31887840832e-02
1.58489319246e+06 2.29234102185e-02 1.82833351917e-02
1.99526231497e+06 2.40970301191e-02 1.41268301129e-02
2.51188643151e+06 2.48489496576e-02 1.06063529697e-02
3.16227766017e+06 2.53270906796e-02 7.59122971457e-03
3.98107170553e+06 2.56288025958e-02 4.95017656495e-03
5.01187233627e+06 2.58168440163e-02 2.55749160493e-03
6.30957344480e+06 2.59308531910e-02 2.93338745834e-04
7.94328234724e+06 2.59950585891e-02 -1.95901130932e-03
1.00000000000e+07 2.60231673929e-02 -4.31753384331e-03
1.25892541179e+07 2.60211875195e-02 -6.90676892262e-03
1.58489319246e+07 2.59886707120e-02 -9.86393206183e-03
1.99526231497e+07 2.59185968434e-02 -1.33458900126e-02
2.51188643151e+07 2.57958573982e-02 -1.75372108689e-02
3.16227766017e+07 2.55940097132e-02 -2.26595674665e-02
3.98107170553e+07 2.52696153760e-02 -2.89827848560e-02
5.01187233627e+07 2.47529824400e-02 -3.68377475323e-02
6.30957344480e+07 2.39334201432e-02 -4.66311384690e-02
7.94328234724e+07 2.26360912192e-02 -5.88613970862e-02
1.00000000000e+08 2.05861310421e-02 -7.41340196220e-02
1.25892541179e+08 1.73539311372e-02 -9.31717568465e-02
1.58489319246e+08 1.22737856732e-02 -1.16810304314e-01
1.99526231497e+08 4.32796231502e-03 -1.45961062510e-01
2.51188643151e+08 -8.00635739369e-03 -1.81507581281e-01
3.16227766017e+08 -2.69301147968e-02 -2.24081448357e-01
3.98107170553e+08 -5.54485828006e-02 -2.73645618400e-01
5.01187233627e+08 -9.72878436693e-02 -3.28832095304e-01
6.30957344480e+08 -1.56313373317e-01 -3.86112755109e-01
7.94328234724e+08 -2.35144645655e-01 -4.39214712195e-01
1.00000000000e+09 -3.33061727344e-01 -4.79625059942e-01
