1.00000000000e+02 -1.09472741314e+00 6.26739273448e-05
1.25892541179e+02 -1.09472741197e+00 7.89017997481e-05
1.58489319246e+02 -1.09472741011e+00 9.93314806530e-05
1.99526231497e+02 -1.09472740717e+00 1.25050925013e-04
2.51188643151e+02 -1.09472740251e+00 1.57429786924e-04
3.16227766017e+02 -1.09472739512e+00 1.98192358648e-04
3.98107170553e+02 -1.09472738342e+00 2.49509395360e-04
5.01187233627e+02 -1.09472736487e+00 3.14113715574e-04
6.30957344480e+02 -1.09472733546e+00 3.95445733292e-04
7.94328234724e+02 -1.09472728886e+00 4.97836671778e-04
1.00000000000e+03 -1.09472721500e+00 6.26739215377e-04
1.25892541179e+03 -1.09472709795e+00 7.89017881615e-04
1.58489319246e+03 -1.09472691243e+00 9.93314575348e-04
1.99526231497e+03 -1.09472661839e+00 1.25050878886e-03
2.51188643151e+03 -1.09472615238e+00 1.57429694889e-03
3.16227766017e+03 -1.09472541381e+00 1.98192175014e-03
3.98107170553e+03 -1.09472424324e+00 2.49509028962e-03
5.01187233627e+03 -1.09472238802e+00 3.14112984515e-03
6.30957344480e+03 -1.09471944771e+00 3.95444274639e-03
7.94328234724e+03 -1.09471478764e+00 4.97833761388e-03
1.00000000000e+04 -1.09470740196e+00 6.26733408404e-03
1.25892541179e+04 -1.09469569655e+00 7.89006295238e-03
1.58489319246e+04 -1.09467714496e+00 9.93291457669e-03
1.99526231497e+04 -1.09464774327e+00 1.25046266361e-02
2.51188643151e+04 -1.09460114626e+00 1.57420491877e-02
3.16227766017e+04 -1.09452729877e+00 1.98173813173e-02
3.98107170553e+04 -1.09441026794e+00 2.49472394119e-02
5.01187233627e+04 -1.09422481058e+00 3.14039894228e-02
6.30957344480e+04 -1.09393094074e+00 3.95298458794e-02
7.94328234724e+04 -1.09346533975e+00 4.97542878849e-02
1.00000000000e+05 -1.09272779177e+00 6.26153205772e-02
1.25892541179e+05 -1.09155981021e+00 7.87849221238e-02
1.58489319246e+05 -1.08971107471e+00 9.90984631013e-02
1.99526231497e+05 -1.08678701590e+00 1.24586574445e-01
2.51188643151e+05 -1.08216767965e+00 1.56505115750e-01
3.16227766017e+05 -1.07488392655e+00 1.96353154667e-01
3.98107170553e+05 -1.06343296601e+00 2.45857761867e-01
5.01187233627e+05 -1.04551437909e+00 3.06884141613e-01
6.30957344480e+05 -1.01767877111e+00 3.81195642314e-01
7.94328234724e+05 -9.74923491946e-01 4.69939799234e-01
1.00000000000e+06 -9.10378924892e-01 5.72691849981e-01
1.25892541179e+06 -8.15445281395e-01 6.85918020537e-01
1.58489319246e+06 -6.81036677443e-01 8.00997657484e-01
1.99526231497e+06 -5.00680489553e-01 9.02681731321e-01
2.51188643151e+06 -2.75397122119e-01 9.69903052289e-01
3.16227766017e+06 -1.80432331629e-02 9.80875523107e-01
3.98107170553e+06 2.47185828234e-01 9.21504962356e-01
5.01187233627e+06 4.92148898698e-01 7.91620461817e-01
6.30957344480e+06 6.94674857761e-01 6.03610042365e-01
7.94328234724e+06 8.43795409196e-01 3.74670073936e-01
1.00000000000e+07 9.37943897425e-01 1.18999725351e-01
1.25892541179e+07 9.79468056311e-01 -1.55688502886e-01
1.58489319246e+07 9.69424550175e-01 -4.47424689410e-01
1.99526231497e+07 9.04301224584e-01 -7.56883587691e-01
2.51188643151e+07 7.74769655571e-01 -1.08319469129e+00
3.16227766017e+07 5.66646860144e-01 -1.41909708071e+00
3.98107170553e+07 2.65024349293e-01 -1.74616575317e+00
5.01187233627e+07 -1.37480437613e-01 -2.03253184938e+00
6.30957344480e+07 -6.29975542463e-01 -2.23737338331e+00
7.94328234724e+07 -1.17678190470e+00 -2.32470375230e+00
1.00000000000e+08 -1.72373318963e+00 -2.28087270849e+00
1.25892541179e+08 -2.21716190447e+00 -2.12271430767e+00
1.58489319246e+08 -2.62270420516e+00 -1.88904394107e+00
1.99526231497e+08 -2.93130163801e+00 -1.62313827222e+00
2.51188643151e+08 -3.15265545706e+00 -1.35915691289e+00
3.16227766017e+08 -3.30479199367e+00 -1.11774859652e+00
3.98107170553e+08 -3.40631196024e+00 -9.08070011531e-01
5.01187233627e+08 -3.47272735178e+00 -7.31807956998e-01
6.30957344480e+08 -3.51561584696e+00 -5.86682730505e-01
7.94328234724e+08 -3.54307956372e+00 -4.68758719472e-01
1.00000000000e+09 -3.56057137632e+00 -3.73734506448e-01
