1.00000000000e+02 -1.22842928304e+00 4.01278117697e-04
1.25892541179e+02 -1.22842921106e+00 5.05179191801e-04
1.58489319246e+02 -1.22842909698e+00 6.35982866672e-04
1.99526231497e+02 -1.22842891618e+00 8.00654881790e-04
2.51188643151e+02 -1.22842862963e+00 1.00796455623e-03
3.16227766017e+02 -1.22842817549e+00 1.26895175400e-03
3.98107170553e+02 -1.22842745571e+00 1.59751473148e-03
5.01187233627e+02 -1.22842631494e+00 2.01115013941e-03
6.30957344480e+02 -1.22842450695e+00 2.53188452220e-03
7.94328234724e+02 -1.22842164149e+00 3.18744679084e-03
1.00000000000e+03 -1.22841710007e+00 4.01274384908e-03
1.25892541179e+03 -1.22840990246e+00 5.05171743950e-03
1.58489319246e+03 -1.22839849518e+00 6.35968006386e-03
1.99526231497e+03 -1.22838041627e+00 8.00625232034e-03
2.51188643151e+03 -1.22835176415e+00 1.00790539849e-02
3.16227766017e+03 -1.22830635617e+00 1.26883372293e-02
3.98107170553e+03 -1.22823439581e+00 1.59727924160e-02
5.01187233627e+03 -1.22812036252e+00 2.01068031660e-02
6.30957344480e+03 -1.22793967256e+00 2.53094723300e-02
7.94328234724e+03 -1.22765340031e+00 3.18557706567e-02
1.00000000000e+04 -1.22719994549e+00 4.00901456107e-02
1.25892541179e+04 -1.22648191069e+00 5.04428065209e-02
1.58489319246e+04 -1.22534551360e+00 6.34485473368e-02
1.99526231497e+04 -1.22354848196e+00 7.97671295140e-02
2.51188643151e+04 -1.22071047289e+00 1.00202445583e-01
3.16227766017e+04 -1.21623771046e+00 1.25714037881e-01
3.98107170553e+04 -1.20921141171e+00 1.57407545630e-01
5.01187233627e+04 -1.19822989163e+00 1.96478028846e-01
6.30957344480e+04 -1.18120275949e+00 2.44059472296e-01
7.94328234724e+04 -1.15512487423e+00 3.00905904297e-01
1.00000000000e+05 -1.11592913916e+00 3.66808752394e-01
1.25892541179e+05 -1.05865069369e+00 4.39691006485e-01
1.58489319246e+05 -9.78296514437e-01 5.14518048678e-01
1.99526231497e+05 -8.71797559617e-01 5.82633147840e-01
2.51188643151e+05 -7.40799505910e-01 6.32672006679e-01
3.16227766017e+05 -5.93690273554e-01 6.53952191610e-01
3.98107170553e+05 -4.44463557990e-01 6.41253506567e-01
5.01187233627e+05 -3.07917081109e-01 5.97607859821e-01
6.30957344480e+05 -1.94266615192e-01 5.32631436668e-01
7.94328234724e+05 -1.06899094894e-01 4.57907420926e-01
1.00000000000e+06 -4.37518074159e-02 3.82985611354e-01
1.25892541179e+06 -1.16694232532e-04 3.13825364880e-01
1.58489319246e+06 2.91056134549e-02 2.53153713688e-01
1.99526231497e+06 4.82652971354e-02 2.01521598339e-01
2.51188643151e+06 6.06500075316e-02 1.58284900109e-01
3.16227766017e+06 6.85765131892e-02 1.22269757313e-01
3.98107170553e+06 7.36088080357e-02 9.21486864666e-02
5.01187233627e+06 7.67733045995e-02 6.66217991455e-02
6.30957344480e+06 7.87289154274e-02 4.44849628781e-02
7.94328234724e+06 7.98880686931e-02 2.46383304772e-02
1.00000000000e+07 8.04971061471e-02 6.06557307206e-03
1.25892541179e+07 8.06859909002e-02 -1.22005552369e-02
1.58489319246e+07 8.04950093052e-02 -3.11190406680e-02
1.99526231497e+07 7.98830287831e-02 -5.16849042277e-02
2.51188643151e+07 7.87187019111e-02 -7.49760389707e-02
3.16227766017e+07 7.67527929992e-02 -1.02202079355e-01
3.98107170553e+07 7.35662630169e-02 -1.34753762070e-01
5.01187233627e+07 6.84845877047e-02 -1.74248203911e-01
6.30957344480e+07 6.04440251197e-02 -2.22559060230e-01
7.94328234724e+07 4.77912613546e-02 -2.81807994998e-01
1.00000000000e+08 2.79978677028e-02 -3.54271208711e-01
1.25892541179e+08 -2.71456748241e-03 -4.42117464153e-01
1.58489319246e+08 -4.97916123166e-02 -5.46843011838e-01
1.99526231497e+08 -1.20631798089e-01 -6.68228378585e-01
2.51188643151e+08 -2.24327086191e-01 -8.02699319591e-01
3.16227766017e+08 -3.70143749413e-01 -9.41320849384e-01
3.98107170553e+08 -5.64028113702e-01 -1.06849185495e+00
5.01187233627e+08 -8.03493285789e-01 -1.16343440469e+00
6.30957344480e+08 -1.07370621842e+00 -1.20622201319e+00
7.94328234724e+08 -1.34922028642e+00 -1.18659052158e+00
1.00000000000e+09 -1.60257838013e+00 -1.10941698317e+00
