1.00000000000e+02 -1.04920355196e+00 5.99552118234e-05
1.25892541179e+02 -1.04920355089e+00 7.54791396966e-05
1.58489319246e+02 -1.04920354919e+00 9.50226069496e-05
1.99526231497e+02 -1.04920354650e+00 1.19626374435e-04
2.51188643151e+02 -1.04920354224e+00 1.50600682399e-04
3.16227766017e+02 -1.04920353548e+00 1.89595025512e-04
3.98107170553e+02 -1.04920352476e+00 2.38685994383e-04
5.01187233627e+02 -1.04920350778e+00 3.00487861405e-04
6.30957344480e+02 -1.04920348087e+00 3.78291799944e-04
7.94328234724e+02 -1.04920343822e+00 4.76241150616e-04
1.00000000000e+03 -1.04920337062e+00 5.99552067882e-04
1.25892541179e+03 -1.04920326348e+00 7.54791296501e-04
1.58489319246e+03 -1.04920309367e+00 9.50225869043e-04
1.99526231497e+03 -1.04920282455e+00 1.19626334439e-03
2.51188643151e+03 -1.04920239803e+00 1.50600602597e-03
3.16227766017e+03 -1.04920172203e+00 1.89594866286e-03
3.98107170553e+03 -1.04920065065e+00 2.38685676685e-03
5.01187233627e+03 -1.04919895262e+00 3.00487227516e-03
6.30957344480e+03 -1.04919626143e+00 3.78290535170e-03
7.94328234724e+03 -1.04919199620e+00 4.76238627063e-03
1.00000000000e+04 -1.04918523629e+00 5.99547032748e-03
1.25892541179e+04 -1.04917452264e+00 7.54781250133e-03
1.58489319246e+04 -1.04915754284e+00 9.50205824046e-03
1.99526231497e+04 -1.04913063216e+00 1.19622334982e-02
2.51188643151e+04 -1.04908798286e+00 1.50592622774e-02
3.16227766017e+04 -1.04902039140e+00 1.89578944899e-02
3.98107170553e+04 -1.04891327399e+00 2.38653910774e-02
5.01187233627e+04 -1.04874352403e+00 3.00423850719e-02
6.30957344480e+04 -1.04847453792e+00 3.78164096157e-02
7.94328234724e+04 -1.04804834783e+00 4.75986393343e-02
1.00000000000e+05 -1.04737319377e+00 5.99043903420e-02
1.25892541179e+05 -1.04630392897e+00 7.53777827364e-02
1.58489319246e+05 -1.04461122065e+00 9.48205160806e-02
1.99526231497e+05 -1.04193337632e+00 1.19223601060e-01
2.51188643151e+05 -1.03770158712e+00 1.49798465685e-01
3.16227766017e+05 -1.03102539431e+00 1.87998868431e-01
3.98107170553e+05 -1.02052086876e+00 2.35515293884e-01
5.01187233627e+05 -1.00406183696e+00 2.94205414052e-01
6.30957344480e+05 -9.78441567842e-01 3.65893128359e-01
7.94328234724e+05 -9.38965324197e-01 4.51922135751e-01
1.00000000000e+06 -8.79085370018e-01 5.52299472219e-01
1.25892541179e+06 -7.90383003286e-01 6.64265853232e-01
1.58489319246e+06 -6.63498889771e-01 7.80330913948e-01
1.99526231497e+06 -4.90807826449e-01 8.86442051920e-01
2.51188643151e+06 -2.71097290988e-01 9.62011986245e-01
3.16227766017e+06 -1.45301732478e-02 9.84000036357e-01
3.98107170553e+06 2.56263575349e-01 9.35070081166e-01
5.01187233627e+06 5.12165244146e-01 8.11161244255e-01
6.30957344480e+06 7.27748932760e-01 6.22185474893e-01
7.94328234724e+06 8.88209872461e-01 3.85207187722e-01
1.00000000000e+07 9.88983128986e-01 1.15997867131e-01
1.25892541179e+07 1.03049476218e+00 -1.75506848132e-01
1.58489319246e+07 1.01247849778e+00 -4.84910554649e-01
1.99526231497e+07 9.30318580121e-01 -8.09954531810e-01
2.51188643151e+07 7.74075617299e-01 -1.14563271366e+00
3.16227766017e+07 5.30679220478e-01 -1.47888677567e+00
3.98107170553e+07 1.90119077467e-01 -1.78462594602e+00
5.01187233627e+07 -2.44725095532e-01 -2.02660389899e+00
6.30957344480e+07 -7.49058918318e-01 -2.16689997321e+00
7.94328234724e+07 -1.27640150578e+00 -2.18238161502e+00
1.00000000000e+08 -1.77260146936e+00 -2.07761153275e+00
1.25892541179e+08 -2.19567807612e+00 -1.88313195040e+00
1.58489319246e+08 -2.52726292132e+00 -1.64069821767e+00
1.99526231497e+08 -2.77042903785e+00 -1.38761943706e+00
2.51188643151e+08 -2.94020697239e+00 -1.14900667872e+00
3.16227766017e+08 -3.05472318108e+00 -9.37750296569e-01
3.98107170553e+08 -3.13017808616e+00 -7.57997664017e-01
5.01187233627e+08 -3.17913172708e+00 -6.08857997196e-01
6.30957344480e+08 -3.21057368237e+00 -4.87081353295e-01
7.94328234724e+08 -3.23063782510e+00 -3.88650319501e-01
1.00000000000e+09 -3.24338853274e+00 -3.09598215671e-01
