1.00000000000e+02 -9.40485344148e-01 4.52051525284e-04
1.25892541179e+02 -9.40485221717e-01 5.69099081275e-04
1.58489319246e+02 -9.40485027679e-01 7.16453152894e-04
1.99526231497e+02 -9.40484720149e-01 9.01960796510e-04
2.51188643151e+02 -9.40484232747e-01 1.13550080046e-03
3.16227766017e+02 -9.40483460268e-01 1.42950968207e-03
3.98107170553e+02 -9.40482235973e-01 1.79964380905e-03
5.01187233627e+02 -9.40480295603e-01 2.26561282187e-03
6.30957344480e+02 -9.40477220340e-01 2.85222857306e-03
7.94328234724e+02 -9.40472346416e-01 3.59072511023e-03
1.00000000000e+03 -9.40464621867e-01 4.52041933210e-03
1.25892541179e+03 -9.40452379532e-01 5.69079942815e-03
1.58489319246e+03 -9.40432977367e-01 7.16414967412e-03
1.99526231497e+03 -9.40402228586e-01 9.01884608878e-03
2.51188643151e+03 -9.40353499018e-01 1.13534879380e-02
3.16227766017e+03 -9.40276277815e-01 1.42920641314e-02
3.98107170553e+03 -9.40153915463e-01 1.79903878455e-02
5.01187233627e+03 -9.39960046993e-01 2.26440588133e-02
6.30957344480e+03 -9.39652943792e-01 2.84982117510e-02
7.94328234724e+03 -9.39166613539e-01 3.58592413699e-02
1.00000000000e+04 -9.38396823938e-01 4.51084776514e-02
1.25892541179e+04 -9.37179274882e-01 5.67172573300e-02
1.58489319246e+04 -9.35255807294e-01 7.12616858814e-02
1.99526231497e+04 -9.32222835656e-01 8.94330277737e-02
2.51188643151e+04 -9.27454492276e-01 1.12035086747e-01
3.16227766017e+04 -9.19992595128e-01 1.39951562305e-01
3.98107170553e+04 -9.08400069326e-01 1.74052323567e-01
5.01187233627e+04 -8.90591935457e-01 2.14987530076e-01
6.30957344480e+04 -8.63703118435e-01 2.62800065044e-01
7.94328234724e+04 -8.24141936361e-01 3.16299659020e-01
1.00000000000e+05 -7.68100934357e-01 3.72257028764e-01
1.25892541179e+05 -6.92833960727e-01 4.24782743328e-01
1.58489319246e+05 -5.98666097560e-01 4.65685755294e-01
1.99526231497e+05 -4.90772042042e-01 4.86614728649e-01
2.51188643151e+05 -3.78933744171e-01 4.82575050080e-01
3.16227766017e+05 -2.74420534659e-01 4.54541882820e-01
3.98107170553e+05 -1.85797019608e-01 4.08919990774e-01
5.01187233627e+05 -1.16632778257e-01 3.54343238935e-01
6.30957344480e+05 -6.60700044905e-02 2.98416473192e-01
7.94328234724e+05 -3.08451763457e-02 2.46166704652e-01
1.00000000000e+06 -7.12179447025e-03 2.00090562974e-01
1.25892541179e+06 8.49349600643e-03 1.60897497178e-01
1.58489319246e+06 1.86169903928e-02 1.28279279429e-01
1.99526231497e+06 2.51150940125e-02 1.01458757862e-01
2.51188643151e+06 2.92585795314e-02 7.95119005553e-02
3.16227766017e+06 3.18880368484e-02 6.15303542119e-02
3.98107170553e+06 3.35492903198e-02 4.66895451657e-02
5.01187233627e+06 3.45921802657e-02 3.42666266720e-02
6.30957344480e+06 3.52383133947e-02 2.36341396565e-02
7.94328234724e+06 3.56257591363e-02 1.42430996537e-02
1.00000000000e+07 3.58375915089e-02 5.60218000798e-03
1.25892541179e+07 3.59193175316e-02 -2.74413767053e-03
1.58489319246e+07 3.58885031517e-02 -1.12375309200e-02
1.99526231497e+07 3.57384971130e-02 -2.03279749032e-02
2.51188643151e+07 3.54369953295e-02 -3.04965516085e-02
3.16227766017e+07 3.49191359560e-02 -4.22795755900e-02
3.98107170553e+07 3.40736962182e-02 -5.62945858713e-02
5.01187233627e+07 3.27195897679e-02 -7.32683310764e-02
6.30957344480e+07 3.05680455293e-02 -9.40658615757e-02
7.94328234724e+07 2.71634354747e-02 -1.19717684462e-01
1.00000000000e+08 2.17927699261e-02 -1.51437592063e-01
1.25892541179e+08 1.33511335825e-02 -1.90615434451e-01
1.58489319246e+08 1.50339236795e-04 -2.38754018778e-01
1.99526231497e+08 -2.03324517624e-02 -2.97294450739e-01
2.51188643151e+08 -5.17356426107e-02 -3.67240031567e-01
3.16227766017e+08 -9.90092311618e-02 -4.48461141035e-01
3.98107170553e+08 -1.68251445398e-01 -5.38599846601e-01
5.01187233627e+08 -2.65708976241e-01 -6.31720728786e-01
6.30957344480e+08 -3.95454730851e-01 -7.17411849192e-01
7.94328234724e+08 -5.55958652833e-01 -7.81734589990e-01
1.00000000000e+09 -7.37412179798e-01 -8.11218280561e-01
