1.00000000000e+02 -4.06270621754e-04 9.37306247051e-06
1.25892541179e+02 -4.06268360110e-04 1.17999853635e-05
1.58489319246e+02 -4.06264775647e-04 1.48552991045e-05
1.99526231497e+02 -4.06259094658e-04 1.87017088967e-05
2.51188643151e+02 -4.06250090903e-04 2.35440473046e-05
3.16227766017e+02 -4.06235820928e-04 2.96401809531e-05
3.98107170553e+02 -4.06213204578e-04 3.73147401096e-05
5.01187233627e+02 -4.06177360169e-04 4.69764009286e-05
6.30957344480e+02 -4.06120550839e-04 5.91396379734e-05
7.94328234724e+02 -4.06030514692e-04 7.44520999663e-05
1.00000000000e+03 -4.05887818458e-04 9.37290557583e-05
1.25892541179e+03 -4.05661663793e-04 1.17996723206e-04
1.58489319246e+03 -4.05303241906e-04 1.48546745115e-04
1.99526231497e+03 -4.04735204362e-04 1.87004627010e-04
2.51188643151e+03 -4.03834982951e-04 2.35415609154e-04
3.16227766017e+03 -4.02408372398e-04 2.96352202650e-04
3.98107170553e+03 -4.00147709264e-04 3.73048432176e-04
5.01187233627e+03 -3.96565709224e-04 4.69566571373e-04
6.30957344480e+03 -3.90890905339e-04 5.91002537437e-04
7.94328234724e+03 -3.81902678878e-04 7.43735491089e-04
1.00000000000e+04 -3.67671678955e-04 9.35724241615e-04
1.25892541179e+04 -3.45153110674e-04 1.17684511393e-03
1.58489319246e+04 -3.09553845229e-04 1.47924776302e-03
1.99526231497e+04 -2.53358407143e-04 1.85766709014e-03
2.51188643151e+04 -1.64856859547e-04 2.32955294166e-03
3.16227766017e+04 -2.59861206077e-05 2.91473460596e-03
3.98107170553e+04 1.90673719911e-04 3.63408170733e-03
5.01187233627e+04 5.25688590350e-04 4.50622066069e-03
6.30957344480e+04 1.03661891334e-03 5.54086787447e-03
7.94328234724e+04 1.79968056486e-03 6.72711610173e-03
1.00000000000e+05 2.90436130391e-03 8.01617592182e-03
1.25892541179e+05 4.43359449390e-03 9.30271398870e-03
1.58489319246e+05 6.42438081486e-03 1.04182472104e-02
1.99526231497e+05 8.81850711361e-03 1.11579423882e-02
2.51188643151e+05 1.14378120555e-02 1.13503972320e-02
3.16227766017e+05 1.40228683643e-02 1.09388418269e-02
3.98107170553e+05 1.63272512943e-02 1.00111562087e-02
5.01187233627e+05 1.82023554343e-02 8.75147598527e-03
6.30957344480e+05 1.96181145471e-02 7.35611607807e-03
7.94328234724e+05 2.06277818581e-02 5.97340889309e-03
1.00000000000e+06 2.13188679542e-02 4.68699135824e-03
1.25892541179e+06 2.17786399529e-02 3.52700444866e-03
1.58489319246e+06 2.20786660812e-02 2.48885269490e-03
1.99526231497e+06 2.22718281761e-02 1.54871549274e-03
2.51188643151e+06 2.23948565896e-02 6.73267659610e-04
3.16227766017e+06 2.24722688614e-02 -1.75395830955e-04
3.98107170553e+06 2.25199469309e-02 -1.03799319164e-03
5.01187233627e+06 2.25478485653e-02 -1.95818010140e-03
6.30957344480e+06 2.25618625390e-02 -2.98379996882e-03
7.94328234724e+06 2.25649603420e-02 -4.16887448040e-03
1.00000000000e+07 2.25577895552e-02 -5.57619033731e-03
1.25892541179e+07 2.25387945992e-02 -7.28048449176e-03
1.58489319246e+07 2.25038739381e-02 -9.37232163545e-03
1.99526231497e+07 2.24454934361e-02 -1.19628204264e-02
2.51188643151e+07 2.23510633025e-02 -1.51894324835e-02
3.16227766017e+07 2.22002311902e-02 -1.92230134176e-02
3.98107170553e+07 2.19605167967e-02 -2.42764395337e-02
5.01187233627e+07 2.15803707779e-02 -3.06149915488e-02
6.30957344480e+07 2.09782228923e-02 -3.85685908115e-02
7.94328234724e+07 2.00253132927e-02 -4.85456181905e-02
1.00000000000e+08 1.85189941499e-02 -6.10472438983e-02
1.25892541179e+08 1.61417119775e-02 -7.66795188651e-02
1.58489319246e+08 1.23992063296e-02 -9.61571538586e-02
1.99526231497e+08 6.53037228510e-03 -1.20286672493e-01
2.51188643151e+08 -2.61695281939e-03 -1.49905734694e-01
3.16227766017e+08 -1.67396979931e-02 -1.85738637191e-01
3.98107170553e+08 -3.82281074333e-02 -2.28108339830e-01
5.01187233627e+08 -7.02081933117e-02 -2.76440373938e-01
6.30957344480e+08 -1.16268779861e-01 -3.28553479163e-01
7.94328234724e+08 -1.79573376610e-01 -3.79941529521e-01
1.00000000000e+09 -2.61197645569e-01 -4.23639193262e-01
