1.00000000000e+02 -3.82953530583e-06 1.68690102329e-10
1.25892541179e+02 -3.82953530373e-06 2.12368256492e-10
1.58489319246e+02 -3.82953530041e-06 2.67355794660e-10
1.99526231497e+02 -3.82953529515e-06 3.36581003694e-10
2.51188643151e+02 -3.82953528680e-06 4.23730378293e-10
3.16227766017e+02 -3.82953527357e-06 5.33444940213e-10
3.98107170553e+02 -3.82953525261e-06 6.71567389493e-10
5.01187233627e+02 -3.82953521939e-06 8.45453249304e-10
6.30957344480e+02 -3.82953516673e-06 1.06436257393e-09
7.94328234724e+02 -3.82953508327e-06 1.33995307949e-09
1.00000000000e+03 -3.82953495100e-06 1.68690095808e-09
1.25892541179e+03 -3.82953474137e-06 2.12368243479e-09
1.58489319246e+03 -3.82953440912e-06 2.67355768696e-09
1.99526231497e+03 -3.82953388254e-06 3.36580951889e-09
2.51188643151e+03 -3.82953304797e-06 4.23730274928e-09
3.16227766017e+03 -3.82953172527e-06 5.33444733974e-09
3.98107170553e+03 -3.82952962893e-06 6.71566977993e-09
5.01187233627e+03 -3.82952630645e-06 8.45452428255e-09
6.30957344480e+03 -3.82952104069e-06 1.06436093572e-08
7.94328234724e+03 -3.82951269502e-06 1.33994981084e-08
1.00000000000e+04 -3.82949946807e-06 1.68689443627e-08
1.25892541179e+04 -3.82947850482e-06 2.12366942210e-08
1.58489319246e+04 -3.82944528047e-06 2.67353172330e-08
1.99526231497e+04 -3.82939262387e-06 3.36575771485e-08
2.51188643151e+04 -3.82930916984e-06 4.23719938746e-08
3.16227766017e+04 -3.82917690681e-06 5.33424110838e-08
3.98107170553e+04 -3.82896729079e-06 6.71525830248e-08
5.01187233627e+04 -3.82863508876e-06 8.45370330306e-08
6.30957344480e+04 -3.82810862663e-06 1.06419713698e-07
7.94328234724e+04 -3.82727434742e-06 1.33962301536e-07
1.00000000000e+05 -3.82595237274e-06 1.68624247564e-07
1.25892541179e+05 -3.82385785892e-06 2.12236884909e-07
1.58489319246e+05 -3.82053997229e-06 2.67093755908e-07
1.99526231497e+05 -3.81528572738e-06 3.36058426801e-07
2.51188643151e+05 -3.80696897150e-06 4.22688518775e-07
3.16227766017e+05 -3.79381451366e-06 5.31368740145e-07
3.98107170553e+05 -3.77303293275e-06 6.67432967607e-07
5.01187233627e+05 -3.74026315773e-06 8.37229609573e-07
6.30957344480e+05 -3.68874141109e-06 1.04803461477e-06
7.94328234724e+05 -3.60811070803e-06 1.30762544406e-06
1.00000000000e+06 -3.48283320417e-06 1.62317673608e-06
1.25892541179e+06 -3.29035521674e-06 1.99892055665e-06
1.58489319246e+06 -2.99966046561e-06 2.43181093829e-06
1.99526231497e+06 -2.57181428157e-06 2.90456380530e-06
2.51188643151e+06 -1.96543502685e-06 3.37667120323e-06
3.16227766017e+06 -1.15045829253e-06 3.77728771118e-06
3.98107170553e+06 -1.29909617505e-07 4.00856141076e-06
5.01187233627e+06 1.04065166088e-06 3.96817214044e-06
6.30957344480e+06 2.25542098788e-06 3.58685529324e-06
7.94328234724e+06 3.39193184990e-06 2.85629355656e-06
1.00000000000e+07 4.35664286659e-06 1.82270844117e-06
1.25892541179e+07 5.11016222828e-06 5.51067719441e-07
1.58489319246e+07 5.66137675320e-06 -9.11968595291e-07
1.99526231497e+07 6.04555944445e-06 -2.55702873194e-06
2.51188643151e+07 6.30438310262e-06 -4.41408281202e-06
3.16227766017e+07 6.47478475718e-06 -6.54746125335e-06
3.98107170553e+07 6.58527581275e-06 -9.05132423152e-06
5.01187233627e+07 6.65620992458e-06 -1.20485127960e-05
6.30957344480e+07 6.70145197792e-06 -1.56931215224e-05
7.94328234724e+07 6.73017744430e-06 -2.01763899476e-05
1.00000000000e+08 6.74834814691e-06 -2.57356130626e-05
1.25892541179e+08 6.75979031944e-06 -3.26661015066e-05
1.58489319246e+08 6.76693533503e-06 -4.13365562263e-05
1.99526231497e+08 6.77131009111e-06 -5.22085227915e-05
2.51188643151e+08 6.77385275179e-06 -6.58608786759e-05
3.16227766017e+08 6.77510970775e-06 -8.30206142134e-05
3.98107170553e+08 6.77535129969e-06 -1.04601524104e-04
5.01187233627e+08 6.77462928740e-06 -1.31752858554e-04
6.30957344480e+08 6.77278766961e-06 -1.65920519121e-04
7.94328234724e+08 6.76942887062e-06 -2.08924055273e-04
1.00000000000e+09 6.76382786737e-06 -2.63053560518e-04
