1.00000000000e+02 -1.24096293456e+00 3.61208902279e-04
1.25892541179e+02 -1.24096287747e+00 4.54735046647e-04
1.58489319246e+02 -1.24096278698e+00 5.72477467151e-04
1.99526231497e+02 -1.24096264357e+00 7.20706353847e-04
2.51188643151e+02 -1.24096241629e+00 9.07315389209e-04
3.16227766017e+02 -1.24096205606e+00 1.14224209253e-03
3.98107170553e+02 -1.24096148515e+00 1.43799698327e-03
5.01187233627e+02 -1.24096058030e+00 1.81032972033e-03
6.30957344480e+02 -1.24095914623e+00 2.27906764648e-03
7.94328234724e+02 -1.24095687338e+00 2.86917130259e-03
1.00000000000e+03 -1.24095327117e+00 3.61206294123e-03
1.25892541179e+03 -1.24094756210e+00 4.54729842714e-03
1.58489319246e+03 -1.24093851392e+00 5.72467084011e-03
1.99526231497e+03 -1.24092417378e+00 7.20685636983e-03
2.51188643151e+03 -1.24090144682e+00 9.07274054339e-03
3.16227766017e+03 -1.24086542860e+00 1.14215962087e-02
3.98107170553e+03 -1.24080834752e+00 1.43783243773e-02
5.01187233627e+03 -1.24071789007e+00 1.81000143122e-02
6.30957344480e+03 -1.24057454970e+00 2.27841269437e-02
7.94328234724e+03 -1.24034743334e+00 2.86786472511e-02
1.00000000000e+04 -1.23998763588e+00 3.60945668375e-02
1.25892541179e+04 -1.23941779113e+00 4.54210049505e-02
1.58489319246e+04 -1.23851564094e+00 5.71430666279e-02
1.99526231497e+04 -1.23708831780e+00 7.18619940640e-02
2.51188643151e+04 -1.23483239265e+00 9.03159477258e-02
3.16227766017e+04 -1.23127255546e+00 1.13397209112e-01
3.98107170553e+04 -1.22566935267e+00 1.42156567126e-01
5.01187233627e+04 -1.21688492279e+00 1.77776237570e-01
6.30957344480e+04 -1.20319870989e+00 2.21476317088e-01
7.94328234724e+04 -1.18208123661e+00 2.74294791846e-01
1.00000000000e+05 -1.14998012553e+00 3.36652567093e-01
1.25892541179e+05 -1.10227282977e+00 4.07610246290e-01
1.58489319246e+05 -1.03370123550e+00 4.83818433507e-01
1.99526231497e+05 -9.39728078301e-01 5.58484601593e-01
2.51188643151e+05 -8.19019215120e-01 6.21254598379e-01
3.16227766017e+05 -6.76238134949e-01 6.60249219894e-01
3.98107170553e+05 -5.22932204169e-01 6.66477798028e-01
5.01187233627e+05 -3.74523302208e-01 6.38291076021e-01
6.30957344480e+05 -2.44584056304e-01 5.82277931181e-01
7.94328234724e+05 -1.40449552591e-01 5.09787096611e-01
1.00000000000e+06 -6.27560098858e-02 4.32081067399e-01
1.25892541179e+06 -7.82941591460e-03 3.57310645724e-01
1.58489319246e+06 2.95380217889e-02 2.89953189432e-01
1.99526231497e+06 5.42969982340e-02 2.31637009564e-01
2.51188643151e+06 7.04114050630e-02 1.82245283674e-01
3.16227766017e+06 8.07705089389e-02 1.40780256457e-01
3.98107170553e+06 8.73651372675e-02 1.05898231421e-01
5.01187233627e+06 9.15183168241e-02 7.61904024358e-02
6.30957344480e+06 9.40858081593e-02 5.03049474660e-02
7.94328234724e+06 9.56054258111e-02 2.69809180214e-02
1.00000000000e+07 9.63986420636e-02 5.03672151433e-03
1.25892541179e+07 9.66341346437e-02 -1.66636438116e-02
1.58489319246e+07 9.63619129947e-02 -3.92551798179e-02
1.99526231497e+07 9.55233714110e-02 -6.39221936139e-02
2.51188643151e+07 9.39387783904e-02 -9.19521088991e-02
3.16227766017e+07 9.12696281013e-02 -1.24791146320e-01
3.98107170553e+07 8.69487545231e-02 -1.64098619346e-01
5.01187233627e+07 8.00659495926e-02 -2.11791969517e-01
6.30957344480e+07 6.91914443616e-02 -2.70065009644e-01
7.94328234724e+07 5.21162570739e-02 -3.41343577460e-01
1.00000000000e+08 2.54938824270e-02 -4.28110987720e-01
1.25892541179e+08 -1.56014264398e-02 -5.32486925387e-01
1.58489319246e+08 -7.80955747073e-02 -6.55387286319e-01
1.99526231497e+08 -1.71016120495e-01 -7.95081550198e-01
2.51188643151e+08 -3.04662121636e-01 -9.45145544503e-01
3.16227766017e+08 -4.87980860165e-01 -1.09242815975e+00
3.98107170553e+08 -7.23733564055e-01 -1.21677301567e+00
5.01187233627e+08 -1.00300023188e+00 -1.29493006999e+00
6.30957344480e+08 -1.30334265607e+00 -1.30915419969e+00
7.94328234724e+08 -1.59457611472e+00 -1.25599177798e+00
1.00000000000e+09 -1.84995830213e+00 -1.14818870103e+00
