1.00000000000e+02 -3.74299050875e-02 2.31500406881e-05
1.25892541179e+02 -3.74299001424e-02 2.91441722399e-05
1.58489319246e+02 -3.74298923050e-02 3.66903345163e-05
1.99526231497e+02 -3.74298798835e-02 4.61903854668e-05
2.51188643151e+02 -3.74298601968e-02 5.81502320415e-05
3.16227766017e+02 -3.74298289954e-02 7.32067688976e-05
3.98107170553e+02 -3.74297795447e-02 9.21617900086e-05
5.01187233627e+02 -3.74297011707e-02 1.16024676434e-04
6.30957344480e+02 -3.74295769567e-02 1.46066128229e-04
7.94328234724e+02 -3.74293800918e-02 1.83885791325e-04
1.00000000000e+03 -3.74290680844e-02 2.31497359664e-04
1.25892541179e+03 -3.74285735923e-02 2.91435642448e-04
1.58489319246e+03 -3.74277898909e-02 3.66891214217e-04
1.99526231497e+03 -3.74265478472e-02 4.61879650725e-04
2.51188643151e+03 -3.74245794397e-02 5.81454028705e-04
3.16227766017e+03 -3.74214599729e-02 7.31971339108e-04
3.98107170553e+03 -3.74165165762e-02 9.21425671874e-04
5.01187233627e+03 -3.74086833898e-02 1.15986326621e-03
6.30957344480e+03 -3.73962725669e-02 1.45989625334e-03
7.94328234724e+03 -3.73766126306e-02 1.83733195522e-03
1.00000000000e+04 -3.73454785559e-02 2.31193041227e-03
1.25892541179e+04 -3.72961966310e-02 2.90828921771e-03
1.58489319246e+04 -3.72182460405e-02 3.65682144598e-03
1.99526231497e+04 -3.70950929866e-02 4.59471959547e-03
2.51188643151e+04 -3.69008828662e-02 5.76664904258e-03
3.16227766017e+04 -3.65955039687e-02 7.22462372855e-03
3.98107170553e+04 -3.61175045565e-02 9.02598305958e-03
5.01187233627e+04 -3.53746183611e-02 1.12274896993e-02
6.30957344480e+04 -3.42327422088e-02 1.38722738296e-02
7.94328234724e+04 -3.25070545424e-02 1.69651142914e-02
1.00000000000e+05 -2.99646786636e-02 2.04322287014e-02
1.25892541179e+05 -2.63563047493e-02 2.40688327428e-02
1.58489319246e+05 -2.14971753255e-02 2.74971426705e-02
1.99526231497e+05 -1.53970218871e-02 3.01856915895e-02
2.51188643151e+05 -8.37909930426e-03 3.15837447021e-02
3.16227766017e+05 -1.07219310526e-03 3.13493545650e-02
3.98107170553e+05 5.78616404604e-03 2.95262278887e-02
5.01187233627e+05 1.16246720049e-02 2.65180773280e-02
6.30957344480e+05 1.61958374359e-02 2.28837640563e-02
7.94328234724e+05 1.95457153053e-02 1.91212309330e-02
1.00000000000e+06 2.18834170712e-02 1.55607683257e-02
1.25892541179e+06 2.34595577208e-02 1.23644877831e-02
1.58489319246e+06 2.44975821241e-02 9.57363060904e-03
1.99526231497e+06 2.51704724450e-02 7.15875758720e-03
2.51188643151e+06 2.56018629775e-02 5.05567037330e-03
3.16227766017e+06 2.58759246821e-02 3.18623672587e-03
3.98107170553e+06 2.60481633177e-02 1.46840233959e-03
5.01187233627e+06 2.61542802721e-02 -1.80367773142e-04
6.30957344480e+06 2.62165873409e-02 -1.84332939456e-03
7.94328234724e+06 2.62482958923e-02 -3.60672756439e-03
1.00000000000e+07 2.62561556779e-02 -5.56327033833e-03
1.25892541179e+07 2.62418265807e-02 -7.81647984864e-03
1.58489319246e+07 2.62022037614e-02 -1.04858751796e-02
1.99526231497e+07 2.61287367039e-02 -1.37131036224e-02
2.51188643151e+07 2.60055854937e-02 -1.76692323621e-02
3.16227766017e+07 2.58062181149e-02 -2.25634647947e-02
3.98107170553e+07 2.54877291319e-02 -2.86535514001e-02
5.01187233627e+07 2.49816947724e-02 -3.62580904912e-02
6.30957344480e+07 2.41796954918e-02 -4.57706765194e-02
7.94328234724e+07 2.29106436209e-02 -5.76752825315e-02
1.00000000000e+08 2.09056745958e-02 -7.25610279510e-02
1.25892541179e+08 1.77446329127e-02 -9.11319701680e-02
1.58489319246e+08 1.27765300626e-02 -1.14202705765e-01
1.99526231497e+08 5.00623174766e-03 -1.42661745358e-01
2.51188643151e+08 -7.05507461843e-03 -1.77369994977e-01
3.16227766017e+08 -2.55587548964e-02 -2.18941307434e-01
3.98107170553e+08 -5.34414379042e-02 -2.67334791974e-01
5.01187233627e+08 -9.43420514734e-02 -3.21207323776e-01
6.30957344480e+08 -1.52031469818e-01 -3.77104111500e-01
7.94328234724e+08 -2.29056604562e-01 -4.28890718071e-01
1.00000000000e+09 -3.24695727249e-01 -4.68252496362e-01
