1.00000000000e+02 -4.22743108779e-06 2.01667663496e-10
1.25892541179e+02 -4.22743108505e-06 2.53884546241e-10
1.58489319246e+02 -4.22743108070e-06 3.19621706782e-10
1.99526231497e+02 -4.22743107380e-06 4.02379888544e-10
2.51188643151e+02 -4.22743106288e-06 5.06566266314e-10
3.16227766017e+02 -4.22743104557e-06 6.37729144286e-10
3.98107170553e+02 -4.22743101813e-06 8.02853423320e-10
5.01187233627e+02 -4.22743097464e-06 1.01073257205e-09
6.30957344480e+02 -4.22743090571e-06 1.27243691047e-09
7.94328234724e+02 -4.22743079647e-06 1.60190314351e-09
1.00000000000e+03 -4.22743062334e-06 2.01667653872e-09
1.25892541179e+03 -4.22743034893e-06 2.53884527038e-09
1.58489319246e+03 -4.22742991404e-06 3.19621668466e-09
1.99526231497e+03 -4.22742922478e-06 4.02379812094e-09
2.51188643151e+03 -4.22742813237e-06 5.06566113777e-09
3.16227766017e+03 -4.22742640102e-06 6.37728839934e-09
3.98107170553e+03 -4.22742365702e-06 8.02852816058e-09
5.01187233627e+03 -4.22741930807e-06 1.01073136040e-08
6.30957344480e+03 -4.22741241546e-06 1.27243449292e-08
7.94328234724e+03 -4.22740149142e-06 1.60189831987e-08
1.00000000000e+04 -4.22738417804e-06 2.01666691431e-08
1.25892541179e+04 -4.22735673828e-06 2.53882606720e-08
1.58489319246e+04 -4.22731324949e-06 3.19617836945e-08
1.99526231497e+04 -4.22724432510e-06 4.02372167252e-08
2.51188643151e+04 -4.22713508910e-06 5.06550860466e-08
3.16227766017e+04 -4.22696196617e-06 6.37698406065e-08
3.98107170553e+04 -4.22668759605e-06 8.02792094047e-08
5.01187233627e+04 -4.22625277695e-06 1.01061020893e-07
6.30957344480e+04 -4.22556370601e-06 1.27219277935e-07
7.94328234724e+04 -4.22447178022e-06 1.60141608659e-07
1.00000000000e+05 -4.22274164155e-06 2.01570488636e-07
1.25892541179e+05 -4.22000067900e-06 2.53690705568e-07
1.58489319246e+05 -4.21565936332e-06 3.19235097578e-07
1.99526231497e+05 -4.20878590913e-06 4.01608987585e-07
2.51188643151e+05 -4.19790993511e-06 5.05029650470e-07
3.16227766017e+05 -4.18071703788e-06 6.34668030379e-07
3.98107170553e+05 -4.15357899528e-06 7.96760934261e-07
5.01187233627e+05 -4.11084434686e-06 9.98624329741e-07
6.30957344480e+05 -4.04379967016e-06 1.24842764248e-06
7.94328234724e+05 -3.93922810830e-06 1.55446470447e-06
1.00000000000e+06 -3.77760047793e-06 1.92346258709e-06
1.25892541179e+06 -3.53126233631e-06 2.35723248130e-06
1.58489319246e+06 -3.16372133460e-06 2.84687128693e-06
1.99526231497e+06 -2.63239419460e-06 3.36431666111e-06
2.51188643151e+06 -1.89834689540e-06 3.85334188152e-06
3.16227766017e+06 -9.45315578439e-07 4.22655979866e-06
3.98107170553e+06 1.96976302582e-07 4.37857952411e-06
5.01187233627e+06 1.44194520935e-06 4.21932771032e-06
6.30957344480e+06 2.66578740445e-06 3.71167932901e-06
7.94328234724e+06 3.75271593077e-06 2.88363205194e-06
1.00000000000e+07 4.63437588940e-06 1.80329774033e-06
1.25892541179e+07 5.29841474733e-06 5.37903820499e-07
1.58489319246e+07 5.77113959034e-06 -8.75357198368e-07
1.99526231497e+07 6.09432880992e-06 -2.43827444944e-06
2.51188643151e+07 6.30921924313e-06 -4.18816109050e-06
3.16227766017e+07 6.44946744873e-06 -6.19165389069e-06
3.98107170553e+07 6.53988951530e-06 -8.54085822259e-06
5.01187233627e+07 6.59772484679e-06 -1.13531244329e-05
6.30957344480e+07 6.63452223706e-06 -1.47741822179e-05
7.94328234724e+07 6.65784492715e-06 -1.89841452674e-05
1.00000000000e+08 6.67257418861e-06 -2.42061562767e-05
1.25892541179e+08 6.68182797815e-06 -3.07177735007e-05
1.58489319246e+08 6.68757918230e-06 -3.88654956270e-05
1.99526231497e+08 6.69105939814e-06 -4.90830834022e-05
2.51188643151e+08 6.69301592166e-06 -6.19145927261e-05
3.16227766017e+08 6.69386951080e-06 -7.80433141718e-05
3.98107170553e+08 6.69380379223e-06 -9.83281438624e-05
5.01187233627e+08 6.69280433320e-06 -1.23849314356e-04
6.30957344480e+08 6.69065530144e-06 -1.55965916713e-04
7.94328234724e+08 6.68689278808e-06 -1.96388274901e-04
1.00000000000e+09 6.68070463697e-06 -2.47269025682e-04
