1.00000000000e+02 -6.33965848968e-07 2.55945989455e-11
1.25892541179e+02 -6.33965848822e-07 3.22216910162e-11
1.58489319246e+02 -6.33965848590e-07 4.05647056293e-11
1.99526231497e+02 -6.33965848222e-07 5.10679387346e-11
2.51188643151e+02 -6.33965847640e-07 6.42907257930e-11
3.16227766017e+02 -6.33965846716e-07 8.09372284276e-11
3.98107170553e+02 -6.33965845253e-07 1.01893933596e-10
5.01187233627e+02 -6.33965842934e-07 1.28276862248e-10
6.30957344480e+02 -6.33965839258e-07 1.61491001503e-10
7.94328234724e+02 -6.33965833433e-07 2.03305125316e-10
1.00000000000e+03 -6.33965824200e-07 2.55945988105e-10
1.25892541179e+03 -6.33965809566e-07 3.22216907468e-10
1.58489319246e+03 -6.33965786374e-07 4.05647050918e-10
1.99526231497e+03 -6.33965749617e-07 5.10679376623e-10
2.51188643151e+03 -6.33965691361e-07 6.42907236534e-10
3.16227766017e+03 -6.33965599032e-07 8.09372241585e-10
3.98107170553e+03 -6.33965452700e-07 1.01893925078e-09
5.01187233627e+03 -6.33965220779e-07 1.28276845253e-09
6.30957344480e+03 -6.33964853209e-07 1.61490967592e-09
7.94328234724e+03 -6.33964270650e-07 2.03305057655e-09
1.00000000000e+04 -6.33963347356e-07 2.55945853104e-09
1.25892541179e+04 -6.33961884035e-07 3.22216638106e-09
1.58489319246e+04 -6.33959564827e-07 4.05646513470e-09
1.99526231497e+04 -6.33955889134e-07 5.10678304273e-09
2.51188643151e+04 -6.33950063560e-07 6.42905096916e-09
3.16227766017e+04 -6.33940830664e-07 8.09367972491e-09
3.98107170553e+04 -6.33926197550e-07 1.01893073283e-08
5.01187233627e+04 -6.33903005733e-07 1.28275145703e-08
6.30957344480e+04 -6.33866249440e-07 1.61487576560e-08
7.94328234724e+04 -6.33807995300e-07 2.03298291704e-08
1.00000000000e+05 -6.33715670361e-07 2.55932353407e-08
1.25892541179e+05 -6.33569349340e-07 3.22189703141e-08
1.58489319246e+05 -6.33337456566e-07 4.05592772644e-08
1.99526231497e+05 -6.32969957445e-07 5.10571081954e-08
2.51188643151e+05 -6.32387576292e-07 6.42691175208e-08
3.16227766017e+05 -6.31464729363e-07 8.08941189819e-08
3.98107170553e+05 -6.30002529853e-07 1.01807933882e-07
5.01187233627e+05 -6.27686139911e-07 1.28105317481e-07
6.30957344480e+05 -6.24017519585e-07 1.61148873910e-07
7.94328234724e+05 -6.18209695850e-07 2.02622962357e-07
1.00000000000e+06 -6.09021326017e-07 2.54586381890e-07
1.25892541179e+06 -5.94499817792e-07 3.19508828084e-07
1.58489319246e+06 -5.71587385663e-07 4.00258492366e-07
1.99526231497e+06 -5.35529110189e-07 4.99974167646e-07
2.51188643151e+06 -4.79013495335e-07 6.21692575001e-07
3.16227766017e+06 -3.90997710672e-07 7.67494114335e-07
3.98107170553e+06 -2.55277594676e-07 9.36768026920e-07
5.01187233627e+06 -4.91662022628e-08 1.12301692732e-06
6.30957344480e+06 2.56703723345e-07 1.30860437444e-06
7.94328234724e+06 6.95415444188e-07 1.45749477126e-06
1.00000000000e+07 1.29487324752e-06 1.50814115847e-06
1.25892541179e+07 2.06189212689e-06 1.37232370656e-06
1.58489319246e+07 2.96485600704e-06 9.47627456221e-07
1.99526231497e+07 3.92922134727e-06 1.44222207884e-07
2.51188643151e+07 4.85773414404e-06 -1.08967301788e-06
3.16227766017e+07 5.66664759270e-06 -2.76607018983e-06
3.98107170553e+07 6.31221298084e-06 -4.88309211934e-06
5.01187233627e+07 6.79230648154e-06 -7.45895290907e-06
6.30957344480e+07 7.13092367129e-06 -1.05548198530e-05
7.94328234724e+07 7.36092766323e-06 -1.42836015770e-05
1.00000000000e+08 7.51318101157e-06 -1.88119835935e-05
1.25892541179e+08 7.61224392739e-06 -2.43629019265e-05
1.58489319246e+08 7.67596130875e-06 -3.12220325822e-05
1.99526231497e+08 7.71661542861e-06 -3.97493978990e-05
2.51188643151e+08 7.74237932023e-06 -5.03963879571e-05
3.16227766017e+08 7.75857013091e-06 -6.37285991319e-05
3.98107170553e+08 7.76858442356e-06 -8.04553116634e-05
5.01187233627e+08 7.77454440380e-06 -1.01466925749e-04
6.30957344480e+08 7.77772078684e-06 -1.27882205924e-04
7.94328234724e+08 7.77879290884e-06 -1.61107771379e-04
1.00000000000e+09 7.77798968021e-06 -2.02912959005e-04
