1.00000000000e+02 -4.41411943104e-06 2.32554870936e-10
1.25892541179e+02 -4.41411942752e-06 2.92769236554e-10
1.58489319246e+02 -4.41411942194e-06 3.68574631482e-10
1.99526231497e+02 -4.41411941310e-06 4.64007969303e-10
2.51188643151e+02 -4.41411939909e-06 5.84151423008e-10
3.16227766017e+02 -4.41411937689e-06 7.35403069118e-10
3.98107170553e+02 -4.41411934169e-06 9.25817608348e-10
5.01187233627e+02 -4.41411928592e-06 1.16553530730e-09
6.30957344480e+02 -4.41411919751e-06 1.46732200366e-09
7.94328234724e+02 -4.41411905740e-06 1.84724893166e-09
1.00000000000e+03 -4.41411883535e-06 2.32554857006e-09
1.25892541179e+03 -4.41411848341e-06 2.92769208760e-09
1.58489319246e+03 -4.41411792562e-06 3.68574576026e-09
1.99526231497e+03 -4.41411704160e-06 4.64007858654e-09
2.51188643151e+03 -4.41411564051e-06 5.84151202233e-09
3.16227766017e+03 -4.41411341993e-06 7.35402628615e-09
3.98107170553e+03 -4.41410990056e-06 9.25816729430e-09
5.01187233627e+03 -4.41410432274e-06 1.16553355363e-08
6.30957344480e+03 -4.41409548249e-06 1.46731850463e-08
7.94328234724e+03 -4.41408147167e-06 1.84724195019e-08
1.00000000000e+04 -4.41405926610e-06 2.32553464021e-08
1.25892541179e+04 -4.41402407282e-06 2.92766429398e-08
1.58489319246e+04 -4.41396829569e-06 3.68569030499e-08
1.99526231497e+04 -4.41387989605e-06 4.63996793963e-08
2.51188643151e+04 -4.41373979498e-06 5.84129125556e-08
3.16227766017e+04 -4.41351775706e-06 7.35358580751e-08
3.98107170553e+04 -4.41316586902e-06 9.25728845225e-08
5.01187233627e+04 -4.41260821017e-06 1.16535821056e-07
6.30957344480e+04 -4.41172449623e-06 1.46696867760e-07
7.94328234724e+04 -4.41032419478e-06 1.84654404323e-07
1.00000000000e+05 -4.40810559659e-06 2.32414241642e-07
1.25892541179e+05 -4.40459118804e-06 2.92488733890e-07
1.58489319246e+05 -4.39902582443e-06 3.68015238401e-07
1.99526231497e+05 -4.39021684985e-06 4.62892728113e-07
2.51188643151e+05 -4.37628445933e-06 5.81929047858e-07
3.16227766017e+05 -4.35427538960e-06 7.30977747417e-07
3.98107170553e+05 -4.31957375870e-06 9.17015928457e-07
5.01187233627e+05 -4.26502391165e-06 1.14806146166e-06
6.30957344480e+05 -4.17967691602e-06 1.43273123086e-06
7.94328234724e+05 -4.04712638580e-06 1.77908074872e-06
1.00000000000e+06 -3.84360378037e-06 2.19213763276e-06
1.25892541179e+06 -3.53652623233e-06 2.66933694750e-06
1.58489319246e+06 -3.08521798067e-06 3.19323399355e-06
1.99526231497e+06 -2.44690924537e-06 3.72222255651e-06
2.51188643151e+06 -1.59145365629e-06 4.18351706763e-06
3.16227766017e+06 -5.24133429505e-07 4.47747778600e-06
3.98107170553e+06 6.94742289776e-07 4.50210344727e-06
5.01187233627e+06 1.95366738830e-06 4.19236321133e-06
6.30957344480e+06 3.12600989422e-06 3.54814012455e-06
7.94328234724e+06 4.11700679408e-06 2.62608525327e-06
1.00000000000e+07 4.88843507129e-06 1.50211290673e-06
1.25892541179e+07 5.45130017061e-06 2.34021176428e-07
1.58489319246e+07 5.84288097813e-06 -1.15665353464e-06
1.99526231497e+07 6.10635541398e-06 -2.68546865259e-06
2.51188643151e+07 6.27967318636e-06 -4.39887912108e-06
3.16227766017e+07 6.39199400850e-06 -6.36850328214e-06
3.98107170553e+07 6.46407865303e-06 -8.68865241859e-06
5.01187233627e+07 6.51004650467e-06 -1.14773298439e-05
6.30957344480e+07 6.53923250553e-06 -1.48801765855e-05
7.94328234724e+07 6.55769909649e-06 -1.90769431088e-05
1.00000000000e+08 6.56933688526e-06 -2.42903803323e-05
1.25892541179e+08 6.57661967663e-06 -3.07977480342e-05
1.58489319246e+08 6.58110419131e-06 -3.89453985597e-05
1.99526231497e+08 6.58375231883e-06 -4.91671291461e-05
2.51188643151e+08 6.58513322856e-06 -6.20072365850e-05
3.16227766017e+08 6.58554402213e-06 -7.81494795117e-05
3.98107170553e+08 6.58507298377e-06 -9.84534792249e-05
5.01187233627e+08 6.58361828595e-06 -1.24000491713e-04
6.30957344480e+08 6.58086587018e-06 -1.56150985487e-04
7.94328234724e+08 6.57622160169e-06 -1.96617089969e-04
1.00000000000e+09 6.56868300295e-06 -2.47553771836e-04
