1.00000000000e+02 -1.33046057772e-01 7.57382913151e-05
1.25892541179e+02 -1.33046035953e-01 9.53488460647e-05
1.58489319246e+02 -1.33046001374e-01 1.20037058325e-04
1.99526231497e+02 -1.33045946568e-01 1.51117649267e-04
2.51188643151e+02 -1.33045859708e-01 1.90245741458e-04
3.16227766017e+02 -1.33045722043e-01 2.39504984166e-04
3.98107170553e+02 -1.33045503861e-01 3.01518483353e-04
5.01187233627e+02 -1.33045158065e-01 3.79588427916e-04
6.30957344480e+02 -1.33044610020e-01 4.77871816172e-04
7.94328234724e+02 -1.33043741434e-01 6.01601577543e-04
1.00000000000e+03 -1.33042364839e-01 7.57364739097e-04
1.25892541179e+03 -1.33040183134e-01 9.53452199161e-04
1.58489319246e+03 -1.33036725489e-01 1.20029823371e-03
1.99526231497e+03 -1.33031245811e-01 1.51103214155e-03
2.51188643151e+03 -1.33022561904e-01 1.90216941264e-03
3.16227766017e+03 -1.33008800846e-01 2.39447525411e-03
3.98107170553e+03 -1.32986996075e-01 3.01403854460e-03
5.01187233627e+03 -1.32952450488e-01 3.79359765036e-03
6.30957344480e+03 -1.32897731167e-01 4.77415737554e-03
7.94328234724e+03 -1.32811086531e-01 6.00692098599e-03
1.00000000000e+04 -1.32673963735e-01 7.55551724243e-03
1.25892541179e+04 -1.32457138928e-01 9.49839914870e-03
1.58489319246e+04 -1.32114745472e-01 1.19310702411e-02
1.99526231497e+04 -1.31575207578e-01 1.49673486830e-02
2.51188643151e+04 -1.30727844323e-01 1.87380265603e-02
3.16227766017e+04 -1.29403978292e-01 2.33837506422e-02
3.98107170553e+04 -1.27352475775e-01 2.90364659884e-02
5.01187233627e+04 -1.24213292067e-01 3.57804664461e-02
6.30957344480e+04 -1.19501363309e-01 4.35818211007e-02
7.94328234724e+04 -1.12629285969e-01 5.21798756201e-02
1.00000000000e+05 -1.03015919444e-01 6.09595386004e-02
1.25892541179e+05 -9.03234651087e-02 6.88798277276e-02
1.58489319246e+05 -7.47870365170e-02 7.45965448366e-02
1.99526231497e+05 -5.74387189217e-02 7.68766520752e-02
2.51188643151e+05 -3.99466612331e-02 7.51586933629e-02
3.16227766017e+05 -2.40336352823e-02 6.98544610325e-02
3.98107170553e+05 -1.08558641990e-02 6.21235253936e-02
5.01187233627e+05 -7.66645102650e-04 5.33237771921e-02
6.30957344480e+05 6.50358732657e-03 4.45554295618e-02
7.94328234724e+05 1.15167108160e-02 3.64946387239e-02
1.00000000000e+06 1.48693184568e-02 2.94441013004e-02
1.25892541179e+06 1.70657381927e-02 2.34584503342e-02
1.58489319246e+06 1.84852522406e-02 1.84577342701e-02
1.99526231497e+06 1.93944591640e-02 1.43034361563e-02
2.51188643151e+06 1.99732183759e-02 1.08410987730e-02
3.16227766017e+06 2.03397865511e-02 7.92070474687e-03
3.98107170553e+06 2.05705961029e-02 5.40424807968e-03
5.01187233627e+06 2.07143865598e-02 3.16659311243e-03
6.30957344480e+06 2.08017625497e-02 1.09305971975e-03
7.94328234724e+06 2.08514114917e-02 -9.24508283459e-04
1.00000000000e+07 2.08739814493e-02 -2.99239334776e-03
1.25892541179e+07 2.08743173568e-02 -5.22009310774e-03
1.58489319246e+07 2.08524824952e-02 -7.72584297324e-03
1.99526231497e+07 2.08037637787e-02 -1.06427156867e-02
2.51188643151e+07 2.07176544176e-02 -1.41255257122e-02
3.16227766017e+07 2.05755943614e-02 -1.83588160663e-02
3.98107170553e+07 2.03469883656e-02 -2.35662255799e-02
5.01187233627e+07 1.99826641852e-02 -3.00215084291e-02
6.30957344480e+07 1.94044151318e-02 -3.80613556375e-02
7.94328234724e+07 1.84885108772e-02 -4.80998440408e-02
1.00000000000e+08 1.70399690063e-02 -6.06436008669e-02
1.25892541179e+08 1.47529056046e-02 -7.63052194865e-02
1.58489319246e+08 1.11505503518e-02 -9.58093641782e-02
1.99526231497e+08 5.49718441583e-03 -1.19980135871e-01
2.51188643151e+08 -3.32461621124e-03 -1.49687893624e-01
3.16227766017e+08 -1.69693783216e-02 -1.85717313395e-01
3.98107170553e+08 -3.77879229139e-02 -2.28497961974e-01
5.01187233627e+08 -6.88999965267e-02 -2.77628730102e-01
6.30957344480e+08 -1.13983475794e-01 -3.31173083650e-01
7.94328234724e+08 -1.76476944809e-01 -3.84888365158e-01
1.00000000000e+09 -2.57977704223e-01 -4.31932227728e-01
