1.00000000000e+02 -9.98358974222e-05 7.13018192466e-06
1.25892541179e+02 -9.98357679573e-05 8.97636721111e-06
1.58489319246e+02 -9.98355627694e-05 1.13005767786e-05
1.99526231497e+02 -9.98352375685e-05 1.42265832564e-05
2.51188643151e+02 -9.98347221597e-05 1.79102071483e-05
3.16227766017e+02 -9.98339052919e-05 2.25476148373e-05
3.98107170553e+02 -9.98326106437e-05 2.83857651501e-05
5.01187233627e+02 -9.98305587645e-05 3.57355607935e-05
6.30957344480e+02 -9.98273067553e-05 4.49884050145e-05
7.94328234724e+02 -9.98221526682e-05 5.66370451654e-05
1.00000000000e+03 -9.98139839910e-05 7.13018131261e-05
1.25892541179e+03 -9.98010375110e-05 8.97636598991e-05
1.58489319246e+03 -9.97805187254e-05 1.13005743420e-04
1.99526231497e+03 -9.97479986480e-05 1.42265783947e-04
2.51188643151e+03 -9.96964578138e-05 1.79101974479e-04
3.16227766017e+03 -9.96147711350e-05 2.25475954826e-04
3.98107170553e+03 -9.94853065699e-05 2.83857265324e-04
5.01187233627e+03 -9.92801193036e-05 3.57354837410e-04
6.30957344480e+03 -9.89549200088e-05 4.49882512748e-04
7.94328234724e+03 -9.84395153845e-05 5.66367384149e-04
1.00000000000e+04 -9.76226579327e-05 7.13012010801e-04
1.25892541179e+04 -9.63280357350e-05 8.97624387125e-04
1.58489319246e+04 -9.42762219830e-05 1.13003306850e-03
1.99526231497e+04 -9.10243770114e-05 1.42260922407e-03
2.51188643151e+04 -8.58707024583e-05 1.79092274609e-03
3.16227766017e+04 -7.77030615460e-05 2.25456601602e-03
3.98107170553e+04 -6.47591845346e-05 2.83818652337e-03
5.01187233627e+04 -4.42469367229e-05 3.57277799979e-03
6.30957344480e+04 -1.17432789712e-05 4.49728820589e-03
7.94328234724e+04 3.97563200213e-05 5.66060784005e-03
1.00000000000e+05 1.21339457859e-04 7.12400440187e-03
1.25892541179e+05 2.50544086678e-04 8.96404702942e-03
1.58489319246e+05 4.55079007254e-04 1.12760124620e-02
1.99526231497e+05 7.78642006349e-04 1.41776267991e-02
2.51188643151e+05 1.28994565819e-03 1.78127021040e-02
3.16227766017e+05 2.09653843297e-03 2.23536204540e-02
3.98107170553e+05 3.36552104102e-03 2.80004337756e-02
5.01187233627e+05 5.35349735124e-03 3.49721572756e-02
6.30957344480e+05 8.44719863274e-03 4.34820870494e-02
7.94328234724e+05 1.32121493817e-02 5.36833993211e-02
1.00000000000e+06 2.04356078479e-02 6.55653725210e-02
1.25892541179e+06 3.11266776475e-02 7.87812392202e-02
1.58489319246e+06 4.64012157886e-02 9.24139259011e-02
1.99526231497e+06 6.71578519960e-02 1.04762896191e-01
2.51188643151e+06 9.35205921001e-02 1.13360801833e-01
3.16227766017e+06 1.24264369584e-01 1.15476485101e-01
3.98107170553e+06 1.56722576779e-01 1.09087851306e-01
5.01187233627e+06 1.87537606562e-01 9.37513637063e-02
6.30957344480e+06 2.13884684910e-01 7.06327703049e-02
7.94328234724e+06 2.34286133359e-01 4.16546903903e-02
1.00000000000e+07 2.48568207821e-01 8.46476391968e-03
1.25892541179e+07 2.57268275070e-01 -2.81553946954e-02
1.58489319246e+07 2.60997329789e-01 -6.83739661758e-02
1.99526231497e+07 2.59993864198e-01 -1.13124767232e-01
2.51188643151e+07 2.53846425295e-01 -1.63856884511e-01
3.16227766017e+07 2.41280324809e-01 -2.22276450657e-01
3.98107170553e+07 2.19933910405e-01 -2.90028674125e-01
5.01187233627e+07 1.86127669972e-01 -3.68203796317e-01
6.30957344480e+07 1.34753438901e-01 -4.56527232879e-01
7.94328234724e+07 5.96008464348e-02 -5.52163784352e-01
1.00000000000e+08 -4.53634465661e-02 -6.48363068146e-01
1.25892541179e+08 -1.83338054630e-01 -7.33807969385e-01
1.58489319246e+08 -3.51147697817e-01 -7.94162316619e-01
1.99526231497e+08 -5.37075799430e-01 -8.16729641657e-01
2.51188643151e+08 -7.22988959197e-01 -7.96392921395e-01
3.16227766017e+08 -8.90771284396e-01 -7.38430378546e-01
3.98107170553e+08 -1.02874999345e+00 -6.55687325858e-01
5.01187233627e+08 -1.13380449242e+00 -5.62639945921e-01
6.30957344480e+08 -1.20919376725e+00 -4.70752789886e-01
7.94328234724e+08 -1.26102648194e+00 -3.86947475446e-01
1.00000000000e+09 -1.29562241167e+00 -3.14263665870e-01
