1.00000000000e+02 -3.90638570422e-02 2.69398221551e-05
1.25892541179e+02 -3.90638500002e-02 3.39152227469e-05
1.58489319246e+02 -3.90638388394e-02 4.26967278748e-05
1.99526231497e+02 -3.90638211506e-02 5.37519799836e-05
2.51188643151e+02 -3.90637931159e-02 6.76697021332e-05
3.16227766017e+02 -3.90637486840e-02 8.51910449681e-05
3.98107170553e+02 -3.90636782642e-02 1.07249046353e-04
5.01187233627e+02 -3.90635666567e-02 1.35018300408e-04
6.30957344480e+02 -3.90633897716e-02 1.69977471752e-04
7.94328234724e+02 -3.90631094296e-02 2.13987965609e-04
1.00000000000e+03 -3.90626651230e-02 2.69392906428e-04
1.25892541179e+03 -3.90619609577e-02 3.39141622530e-04
1.58489319246e+03 -3.90608449645e-02 4.26946119507e-04
1.99526231497e+03 -3.90590763188e-02 5.37477582845e-04
2.51188643151e+03 -3.90562734158e-02 6.76612791300e-04
3.16227766017e+03 -3.90518316456e-02 8.51742401127e-04
3.98107170553e+03 -3.90447932493e-02 1.07215520196e-03
5.01187233627e+03 -3.90336414948e-02 1.34951419378e-03
6.30957344480e+03 -3.90159755701e-02 1.69844065899e-03
7.94328234724e+03 -3.89879980837e-02 2.13721910264e-03
1.00000000000e+04 -3.89437097221e-02 2.68862448909e-03
1.25892541179e+04 -3.88736501312e-02 3.38084460064e-03
1.58489319246e+04 -3.87629453287e-02 4.24840710783e-03
1.99526231497e+04 -3.85883194979e-02 5.33289038984e-03
2.51188643151e+04 -3.83136203766e-02 6.68294149775e-03
3.16227766017e+04 -3.78833608675e-02 8.35265167340e-03
3.98107170553e+04 -3.72139857561e-02 1.03965327344e-02
5.01187233627e+04 -3.61834752673e-02 1.28581460307e-02
6.30957344480e+04 -3.46223397032e-02 1.57482015291e-02
7.94328234724e+04 -3.23141262068e-02 1.90082081424e-02
1.00000000000e+05 -2.90210805414e-02 2.24614490747e-02
1.25892541179e+05 -2.45547395542e-02 2.57699191595e-02
1.58489319246e+05 -1.88953143773e-02 2.84426003143e-02
1.99526231497e+05 -1.23111862779e-02 2.99489020938e-02
2.51188643151e+05 -5.37119565699e-03 2.99297701312e-02
3.16227766017e+05 1.22287331470e-03 2.83806804327e-02
3.98107170553e+05 6.89859051606e-03 2.56531453085e-02
5.01187233627e+05 1.13828439525e-02 2.22732689885e-02
6.30957344480e+05 1.46919367537e-02 1.87296763870e-02
7.94328234724e+05 1.70128022036e-02 1.53581054256e-02
1.00000000000e+06 1.85830929580e-02 1.23316818628e-02
1.25892541179e+06 1.96198156964e-02 9.70331905531e-03
1.58489319246e+06 2.02931427669e-02 7.45447864403e-03
1.99526231497e+06 2.07256582740e-02 5.53128911844e-03
2.51188643151e+06 2.10012821222e-02 3.86607058831e-03
3.16227766017e+06 2.11756503846e-02 2.38812358153e-03
3.98107170553e+06 2.12848390683e-02 1.02794002621e-03
5.01187233627e+06 2.13517883941e-02 -2.82242427384e-04
6.30957344480e+06 2.13906976737e-02 -1.60982964657e-03
7.94328234724e+06 2.14098649449e-02 -3.02431808704e-03
1.00000000000e+07 2.14133875640e-02 -4.60040904415e-03
1.25892541179e+07 2.14020105470e-02 -6.42167956351e-03
1.58489319246e+07 2.13732734798e-02 -8.58485775654e-03
1.99526231497e+07 2.13209751939e-02 -1.12048446193e-02
2.51188643151e+07 2.12338368285e-02 -1.44206861201e-02
3.16227766017e+07 2.10930761490e-02 -1.84027410100e-02
3.98107170553e+07 2.08683775895e-02 -2.33613089814e-02
5.01187233627e+07 2.05114100936e-02 -2.95569597016e-02
6.30957344480e+07 1.99455492136e-02 -3.73126854712e-02
7.94328234724e+07 1.90497242589e-02 -4.70276837654e-02
1.00000000000e+08 1.76332509052e-02 -5.91918532339e-02
1.25892541179e+08 1.53970768776e-02 -7.43985632622e-02
1.58489319246e+08 1.18751900011e-02 -9.33502178711e-02
1.99526231497e+08 6.34867460279e-03 -1.16845383808e-01
2.51188643151e+08 -2.27392369218e-03 -1.45726094288e-01
3.16227766017e+08 -1.56076349303e-02 -1.80747920488e-01
3.98107170553e+08 -3.59447544171e-02 -2.22315539418e-01
5.01187233627e+08 -6.63220053685e-02 -2.70017419092e-01
6.30957344480e+08 -1.10308062603e-01 -3.21939244519e-01
7.94328234724e+08 -1.71216580491e-01 -3.73919808332e-01
1.00000000000e+09 -2.50539278645e-01 -4.19284030322e-01
