1.00000000000e+02 -5.04797243764e-01 2.48928072441e-04
1.25892541179e+02 -5.04797175752e-01 3.13381836125e-04
1.58489319246e+02 -5.04797067961e-01 3.94524277322e-04
1.99526231497e+02 -5.04796897123e-01 4.96676479127e-04
2.51188643151e+02 -5.04796626363e-01 6.25278323442e-04
3.16227766017e+02 -5.04796197238e-01 7.87178137186e-04
3.98107170553e+02 -5.04795517123e-01 9.90997296239e-04
5.01187233627e+02 -5.04794439216e-01 1.24758915671e-03
6.30957344480e+02 -5.04792730858e-01 1.57061665974e-03
7.94328234724e+02 -5.04790023316e-01 1.97727918282e-03
1.00000000000e+03 -5.04785732206e-01 2.48922697269e-03
1.25892541179e+03 -5.04778931398e-01 3.13371111385e-03
1.58489319246e+03 -5.04768153197e-01 3.94502879089e-03
1.99526231497e+03 -5.04751071794e-01 4.96633785420e-03
2.51188643151e+03 -5.04724001835e-01 6.25193142664e-03
3.16227766017e+03 -5.04681104470e-01 7.87008193000e-03
3.98107170553e+03 -5.04613130864e-01 9.90658256667e-03
5.01187233627e+03 -5.04505435451e-01 1.24691282184e-02
6.30957344480e+03 -5.04334838821e-01 1.56926763048e-02
7.94328234724e+03 -5.04064684950e-01 1.97458889389e-02
1.00000000000e+04 -5.03637080580e-01 2.48386349341e-02
1.25892541179e+04 -5.02960778014e-01 3.12302330213e-02
1.58489319246e+04 -5.01892424704e-01 3.92374709875e-02
1.99526231497e+04 -5.00207968769e-01 4.92401150003e-02
2.51188643151e+04 -4.97560091299e-01 6.16790644429e-02
3.16227766017e+04 -4.93417385547e-01 7.70376361325e-02
3.98107170553e+04 -4.86983636993e-01 9.57886620765e-02
5.01187233627e+04 -4.77105504314e-01 1.18279072010e-01
6.30957344480e+04 -4.62202313815e-01 1.44513791334e-01
7.94328234724e+04 -4.40301593343e-01 1.73809079924e-01
1.00000000000e+05 -4.09330984600e-01 2.04351344411e-01
1.25892541179e+05 -3.67833123665e-01 2.32869044961e-01
1.58489319246e+05 -3.16071697792e-01 2.54858957964e-01
1.99526231497e+05 -2.56979231720e-01 2.65794219490e-01
2.51188643151e+05 -1.95966262788e-01 2.63053414944e-01
3.16227766017e+05 -1.39168768082e-01 2.47298294667e-01
3.98107170553e+05 -9.11716027211e-02 2.22107630583e-01
5.01187233627e+05 -5.38180698550e-02 1.92200961108e-01
6.30957344480e+05 -2.65685434558e-02 1.61684494337e-01
7.94328234724e+05 -7.61384672789e-03 1.33244799860e-01
1.00000000000e+06 5.13852760369e-03 1.08198279606e-01
1.25892541179e+06 1.35265867136e-02 8.69024312267e-02
1.58489319246e+06 1.89621220133e-02 6.91725409558e-02
1.99526231497e+06 2.24500407025e-02 5.45760537677e-02
2.51188643151e+06 2.46736199853e-02 4.26042121108e-02
3.16227766017e+06 2.60844440044e-02 3.27580832994e-02
3.98107170553e+06 2.69755698771e-02 2.45841037525e-02
5.01187233627e+06 2.75347371714e-02 1.76828798321e-02
6.30957344480e+06 2.78807959140e-02 1.17050377813e-02
7.94328234724e+06 2.80877054328e-02 6.34139943728e-03
1.00000000000e+07 2.81998336793e-02 1.31099491647e-03
1.25892541179e+07 2.82412685358e-02 -3.65160772585e-03
1.58489319246e+07 2.82209128998e-02 -8.80922599136e-03
1.99526231497e+07 2.81343693164e-02 -1.44353369509e-02
2.51188643151e+07 2.79629874496e-02 -2.08280538218e-02
3.16227766017e+07 2.76698657852e-02 -2.83252596929e-02
3.98107170553e+07 2.71919693591e-02 -3.73213384393e-02
5.01187233627e+07 2.64267371647e-02 -4.82857736901e-02
6.30957344480e+07 2.52104810558e-02 -6.17834339213e-02
7.94328234724e+07 2.32843952049e-02 -7.84953475799e-02
1.00000000000e+08 2.02420333954e-02 -9.92366587285e-02
1.25892541179e+08 1.54498520264e-02 -1.24964264336e-01
1.58489319246e+08 7.93078797440e-03 -1.56758742225e-01
1.99526231497e+08 -3.79734036316e-03 -1.95751302075e-01
2.51188643151e+08 -2.19246126044e-02 -2.42944768644e-01
3.16227766017e+08 -4.95521571412e-02 -2.98851137655e-01
3.98107170553e+08 -9.07717372326e-02 -3.62857722044e-01
5.01187233627e+08 -1.50357098551e-01 -4.32300833564e-01
6.30957344480e+08 -2.32670902127e-01 -5.01482457318e-01
7.94328234724e+08 -3.39531351385e-01 -5.61368394730e-01
1.00000000000e+09 -4.67598768598e-01 -6.01106722444e-01
