1.00000000000e+02 -8.51793203377e-02 4.16878470308e-05
1.25892541179e+02 -8.51793111967e-02 5.24818856837e-05
1.58489319246e+02 -8.51792967093e-02 6.60707709537e-05
1.99526231497e+02 -8.51792737483e-02 8.31781553865e-05
2.51188643151e+02 -8.51792373576e-02 1.04715059315e-04
3.16227766017e+02 -8.51791796823e-02 1.31828380918e-04
3.98107170553e+02 -8.51790882732e-02 1.65961962554e-04
5.01187233627e+02 -8.51789433998e-02 2.08933460338e-04
6.30957344480e+02 -8.51787137918e-02 2.63031100457e-04
7.94328234724e+02 -8.51783498896e-02 3.31135454757e-04
1.00000000000e+03 -8.51777731482e-02 4.16872680484e-04
1.25892541179e+03 -8.51768590870e-02 5.24807304715e-04
1.58489319246e+03 -8.51754104283e-02 6.60684660325e-04
1.99526231497e+03 -8.51731145360e-02 8.31735565596e-04
2.51188643151e+03 -8.51694759854e-02 1.04705883752e-03
3.16227766017e+03 -8.51637097573e-02 1.31810074217e-03
3.98107170553e+03 -8.51545721222e-02 1.65925438904e-03
5.01187233627e+03 -8.51400930117e-02 2.08860595627e-03
6.30957344480e+03 -8.51171528640e-02 2.62885746439e-03
7.94328234724e+03 -8.50808144985e-02 3.30845530794e-03
1.00000000000e+04 -8.50232705458e-02 4.16294507649e-03
1.25892541179e+04 -8.49321910895e-02 5.23654650476e-03
1.58489319246e+04 -8.47881444288e-02 6.58387817624e-03
1.99526231497e+04 -8.45606076755e-02 8.27162232414e-03
2.51188643151e+04 -8.42018872755e-02 1.03796362863e-02
3.16227766017e+04 -8.36380795989e-02 1.30004683723e-02
3.98107170553e+04 -8.27561824297e-02 1.62352367983e-02
5.01187233627e+04 -8.13870564822e-02 2.01821697478e-02
6.30957344480e+04 -7.92861056982e-02 2.49117822845e-02
7.94328234724e+04 -7.61190304246e-02 3.04206625502e-02
1.00000000000e+05 -7.14706639603e-02 3.65578537471e-02
1.25892541179e+05 -6.49089000413e-02 4.29323011661e-02
1.58489319246e+05 -5.61380683537e-02 4.88466557681e-02
1.99526231497e+05 -4.52320940703e-02 5.33512569905e-02
2.51188643151e+05 -3.28275668653e-02 5.55051496983e-02
3.16227766017e+05 -2.00711430103e-02 5.47812086662e-02
3.98107170553e+05 -8.24260682134e-03 5.13435063894e-02
5.01187233627e+05 1.71839596734e-03 4.59554852305e-02
6.30957344480e+05 9.44852038784e-03 3.96024259841e-02
7.94328234724e+05 1.50755461037e-02 3.31297792552e-02
1.00000000000e+06 1.89836077296e-02 2.70825669995e-02
1.25892541179e+06 2.16099670044e-02 2.17203449881e-02
1.58489319246e+06 2.33360356734e-02 1.71040092029e-02
1.99526231497e+06 2.44536329782e-02 1.31818211107e-02
2.51188643151e+06 2.51699340574e-02 9.84938199432e-03
3.16227766017e+06 2.56254833667e-02 6.98402292235e-03
3.98107170553e+06 2.59128769087e-02 4.46142217608e-03
5.01187233627e+06 2.60918314302e-02 2.16167601513e-03
6.30957344480e+06 2.62000431266e-02 -3.03582971881e-05
7.94328234724e+06 2.62604967734e-02 -2.22769764638e-03
1.00000000000e+07 2.62860928061e-02 -4.54545145848e-03
1.25892541179e+07 2.62822980068e-02 -7.10601938983e-03
1.58489319246e+07 2.62482729310e-02 -1.00451032049e-02
1.99526231497e+07 2.61766722863e-02 -1.35186083395e-02
2.51188643151e+07 2.60520585878e-02 -1.77106435487e-02
3.16227766017e+07 2.58475859226e-02 -2.28428953000e-02
3.98107170553e+07 2.55192524942e-02 -2.91856639238e-02
5.01187233627e+07 2.49965241480e-02 -3.70707707195e-02
6.30957344480e+07 2.41674145684e-02 -4.69062957555e-02
7.94328234724e+07 2.28550760681e-02 -5.91925090597e-02
1.00000000000e+08 2.07815297976e-02 -7.45370701782e-02
1.25892541179e+08 1.75123881241e-02 -9.36649570550e-02
1.58489319246e+08 1.23747407852e-02 -1.17413544645e-01
1.99526231497e+08 4.34032211723e-03 -1.46694106660e-01
2.51188643151e+08 -8.12829851206e-03 -1.82385886529e-01
3.16227766017e+08 -2.72504923719e-02 -2.25107949260e-01
3.98107170553e+08 -5.60506151846e-02 -2.74796678561e-01
5.01187233627e+08 -9.82652949517e-02 -3.30037547960e-01
6.30957344480e+08 -1.57744142052e-01 -3.87236053561e-01
7.94328234724e+08 -2.37041862961e-01 -4.40050696603e-01
1.00000000000e+09 -3.35317661362e-01 -4.79940789977e-01
