1.00000000000e+02 -7.24754899695e-01 3.55026711736e-04
1.25892541179e+02 -7.24754802133e-01 4.46952091583e-04
1.58489319246e+02 -7.24754647507e-01 5.62679230849e-04
1.99526231497e+02 -7.24754402443e-01 7.08370952751e-04
2.51188643151e+02 -7.24754014042e-01 8.91785735175e-04
3.16227766017e+02 -7.24753398469e-01 1.12269080962e-03
3.98107170553e+02 -7.24752422853e-01 1.41338216562e-03
5.01187233627e+02 -7.24750876611e-01 1.77933908513e-03
6.30957344480e+02 -7.24748425997e-01 2.24004792827e-03
7.94328234724e+02 -7.24744542067e-01 2.82003877066e-03
1.00000000000e+03 -7.24738386534e-01 3.55018955991e-03
1.25892541179e+03 -7.24728630878e-01 4.46936617039e-03
1.58489319246e+03 -7.24713169720e-01 5.62648355711e-03
1.99526231497e+03 -7.24688666731e-01 7.08309350768e-03
2.51188643151e+03 -7.24649835364e-01 8.91662829436e-03
3.16227766017e+03 -7.24588299964e-01 1.12244560059e-02
3.98107170553e+03 -7.24490793443e-01 1.41289297301e-02
5.01187233627e+03 -7.24336307532e-01 1.77836321904e-02
6.30957344480e+03 -7.24091593169e-01 2.23810145621e-02
7.94328234724e+03 -7.23704071500e-01 2.81615706033e-02
1.00000000000e+04 -7.23090704708e-01 3.54245088371e-02
1.25892541179e+04 -7.22120622354e-01 4.45394553281e-02
1.58489319246e+04 -7.20588244782e-01 5.59577853786e-02
1.99526231497e+04 -7.18172315484e-01 7.02202774159e-02
2.51188643151e+04 -7.14374961986e-01 8.79540954393e-02
3.16227766017e+04 -7.08434745007e-01 1.09845387762e-01
3.98107170553e+04 -6.99211554105e-01 1.36562605054e-01
5.01187233627e+04 -6.85055700674e-01 1.68589946665e-01
6.30957344480e+04 -6.63710332684e-01 2.05916637235e-01
7.94328234724e+04 -6.32368006741e-01 2.47540724922e-01
1.00000000000e+05 -5.88097167135e-01 2.90842599203e-01
1.25892541179e+05 -5.28872545241e-01 3.31130792213e-01
1.58489319246e+05 -4.55151102431e-01 3.61992370815e-01
1.99526231497e+05 -3.71192700360e-01 3.77042628038e-01
2.51188643151e+05 -2.84733346794e-01 3.72667316302e-01
3.16227766017e+05 -2.04454702445e-01 3.49928158821e-01
3.98107170553e+05 -1.36769725774e-01 3.13976505433e-01
5.01187233627e+05 -8.41922740563e-02 2.71509194576e-01
6.30957344480e+05 -4.58908310069e-02 2.28306067044e-01
7.94328234724e+05 -1.92752504796e-02 1.88123942371e-01
1.00000000000e+06 -1.38111756063e-03 1.52788665827e-01
1.25892541179e+06 1.03836197247e-02 1.22783227693e-01
1.58489319246e+06 1.80050239461e-02 9.78354160526e-02
1.99526231497e+06 2.28947124273e-02 7.73305126174e-02
2.51188643151e+06 2.60116618457e-02 6.05510637459e-02
3.16227766017e+06 2.79893437338e-02 4.67967323937e-02
3.98107170553e+06 2.92387497072e-02 3.54336972910e-02
5.01187233627e+06 3.00231775227e-02 2.59068646104e-02
6.30957344480e+06 3.05093883888e-02 1.77341747549e-02
7.94328234724e+06 3.08013094298e-02 1.04931704228e-02
1.00000000000e+07 3.09615453959e-02 3.80473914306e-03
1.25892541179e+07 3.10245241744e-02 -2.68388163916e-03
1.58489319246e+07 3.10037838158e-02 -9.31620223354e-03
1.99526231497e+07 3.08948439463e-02 -1.64437682752e-02
2.51188643151e+07 3.06742354561e-02 -2.44440645702e-02
3.16227766017e+07 3.02944761182e-02 -3.37395854683e-02
3.98107170553e+07 2.96739451700e-02 -4.48185787480e-02
5.01187233627e+07 2.86795830673e-02 -5.82577068198e-02
6.30957344480e+07 2.70989682905e-02 -7.47462070356e-02
7.94328234724e+07 2.45964584396e-02 -9.51096900213e-02
1.00000000000e+08 2.06456963462e-02 -1.20328759983e-01
1.25892541179e+08 1.44282433512e-02 -1.51541871256e-01
1.58489319246e+08 4.68691250715e-03 -1.90011158895e-01
1.99526231497e+08 -1.04732212193e-02 -2.37011714480e-01
2.51188643151e+08 -3.38232220465e-02 -2.93577630907e-01
3.16227766017e+08 -6.92206833183e-02 -3.60009432484e-01
3.98107170553e+08 -1.21610559271e-01 -4.35051248436e-01
5.01187233627e+08 -1.96462814060e-01 -5.14770469072e-01
6.30957344480e+08 -2.98190676397e-01 -5.91549960963e-01
7.94328234724e+08 -4.27434877723e-01 -6.54215856908e-01
1.00000000000e+09 -5.78279680832e-01 -6.90552525894e-01
