1.00000000000e+02 -1.33685043284e-01 6.78367152335e-05
1.25892541179e+02 -1.33685026147e-01 8.54013553511e-05
1.58489319246e+02 -1.33684998986e-01 1.07513917879e-04
1.99526231497e+02 -1.33684955939e-01 1.35351966280e-04
2.51188643151e+02 -1.33684887714e-01 1.70397955943e-04
3.16227766017e+02 -1.33684779585e-01 2.14518169317e-04
3.98107170553e+02 -1.33684608213e-01 2.70062080270e-04
5.01187233627e+02 -1.33684336606e-01 3.39987428262e-04
6.30957344480e+02 -1.33683906141e-01 4.28017641212e-04
7.94328234724e+02 -1.33683223905e-01 5.38839946952e-04
1.00000000000e+03 -1.33682142646e-01 6.78354636707e-04
1.25892541179e+03 -1.33680428995e-01 8.53988581824e-04
1.58489319246e+03 -1.33677713119e-01 1.07508935460e-03
1.99526231497e+03 -1.33673408937e-01 1.35342025320e-03
2.51188643151e+03 -1.33666587750e-01 1.70378121989e-03
3.16227766017e+03 -1.33655778109e-01 2.14478598122e-03
3.98107170553e+03 -1.33638649024e-01 2.69983134037e-03
5.01187233627e+03 -1.33611508892e-01 3.39829937261e-03
6.30957344480e+03 -1.33568513856e-01 4.27703492101e-03
7.94328234724e+03 -1.33500419438e-01 5.38213411192e-03
1.00000000000e+04 -1.33392617769e-01 6.77105399397e-03
1.25892541179e+04 -1.33222066177e-01 8.51498759011e-03
1.58489319246e+04 -1.32952517418e-01 1.07013012424e-02
1.99526231497e+04 -1.32527203191e-01 1.34355242358e-02
2.51188643151e+04 -1.31857836159e-01 1.68417752259e-02
3.16227766017e+04 -1.30808631433e-01 2.10593795990e-02
3.98107170553e+04 -1.29174439897e-01 2.62314754599e-02
5.01187233627e+04 -1.26654066046e-01 3.24784364974e-02
6.30957344480e+04 -1.22825444292e-01 3.98456079347e-02
7.94328234724e+04 -1.17141411298e-01 4.82145285544e-02
1.00000000000e+05 -1.08983857508e-01 5.71786867577e-02
1.25892541179e+05 -9.78279930680e-02 6.59238454439e-02
1.58489319246e+05 -8.35380702897e-02 7.32210794093e-02
1.99526231497e+05 -6.66927129760e-02 7.76774935558e-02
2.51188643151e+05 -4.86746875088e-02 7.82617797572e-02
3.16227766017e+05 -3.12999293094e-02 7.48186556370e-02
3.98107170553e+05 -1.61418513502e-02 6.81533277542e-02
5.01187233627e+05 -4.03044366700e-03 5.96087665927e-02
6.30957344480e+05 4.98480403229e-03 5.04992880752e-02
7.94328234724e+05 1.13476570210e-02 4.17666989612e-02
1.00000000000e+06 1.56716509029e-02 3.39232896262e-02
1.25892541179e+06 1.85349522505e-02 2.71519247996e-02
1.58489319246e+06 2.03984928483e-02 2.14354050798e-02
1.99526231497e+06 2.15975498439e-02 1.66566091749e-02
2.51188643151e+06 2.23630845515e-02 1.26601324254e-02
3.16227766017e+06 2.28489338857e-02 9.28454255685e-03
3.98107170553e+06 2.31553471949e-02 6.37640400069e-03
5.01187233627e+06 2.33466032835e-02 3.79422903584e-03
6.30957344480e+06 2.34632388875e-02 1.40727967647e-03
7.94328234724e+06 2.35301316707e-02 -9.08130825940e-04
1.00000000000e+07 2.35616017586e-02 -3.27355478237e-03
1.25892541179e+07 2.35643954773e-02 -5.81402349845e-03
1.58489319246e+07 2.35390994220e-02 -8.66424407984e-03
1.99526231497e+07 2.34802521688e-02 -1.19754851389e-02
2.51188643151e+07 2.33751642892e-02 -1.59233766959e-02
3.16227766017e+07 2.32011909498e-02 -2.07169134100e-02
3.98107170553e+07 2.29208789372e-02 -2.66089678743e-02
5.01187233627e+07 2.24739722411e-02 -3.39085702252e-02
6.30957344480e+07 2.17646318662e-02 -4.29950262652e-02
7.94328234724e+07 2.06413149574e-02 -5.43334882085e-02
1.00000000000e+08 1.88654770558e-02 -6.84905827823e-02
1.25892541179e+08 1.60635953710e-02 -8.61466195480e-02
1.58489319246e+08 1.16552280350e-02 -1.08096823374e-01
1.99526231497e+08 4.74899243390e-03 -1.35226475669e-01
2.51188643151e+08 -5.99852326714e-03 -1.68431907359e-01
3.16227766017e+08 -2.25517608121e-02 -2.08440049288e-01
3.98107170553e+08 -4.76452970409e-02 -2.55458906363e-01
5.01187233627e+08 -8.47843339974e-02 -3.08593997912e-01
6.30957344480e+08 -1.37845879608e-01 -3.65054025587e-01
7.94328234724e+08 -2.09957276280e-01 -4.19436573605e-01
1.00000000000e+09 -3.01571057807e-01 -4.63819108499e-01
