1.00000000000e+02 -3.90637073549e-02 2.69397217739e-05
1.25892541179e+02 -3.90637003129e-02 3.39150963745e-05
1.58489319246e+02 -3.90636891521e-02 4.26965687815e-05
1.99526231497e+02 -3.90636714635e-02 5.37517796970e-05
2.51188643151e+02 -3.90636434289e-02 6.76694499875e-05
3.16227766017e+02 -3.90635989972e-02 8.51907275359e-05
3.98107170553e+02 -3.90635285778e-02 1.07248646730e-04
5.01187233627e+02 -3.90634169708e-02 1.35017797314e-04
6.30957344480e+02 -3.90632400865e-02 1.69976838398e-04
7.94328234724e+02 -3.90629597460e-02 2.13987168269e-04
1.00000000000e+03 -3.90625154415e-02 2.69391902649e-04
1.25892541179e+03 -3.90618112796e-02 3.39140358870e-04
1.58489319246e+03 -3.90606952919e-02 4.26944528701e-04
1.99526231497e+03 -3.90589266547e-02 5.37475580233e-04
2.51188643151e+03 -3.90561237654e-02 6.76610270350e-04
3.16227766017e+03 -3.90516820169e-02 8.51739227815e-04
3.98107170553e+03 -3.90446436547e-02 1.07215120775e-03
5.01187233627e+03 -3.90334919545e-02 1.34950916686e-03
6.30957344480e+03 -3.90158261157e-02 1.69843433346e-03
7.94328234724e+03 -3.89878487653e-02 2.13721114522e-03
1.00000000000e+04 -3.89435606190e-02 2.68861448315e-03
1.25892541179e+04 -3.88735013681e-02 3.38083202751e-03
1.58489319246e+04 -3.87627971023e-02 4.24839132608e-03
1.99526231497e+04 -3.85881721161e-02 5.33287061474e-03
2.51188643151e+04 -3.83134743189e-02 6.68291678591e-03
3.16227766017e+04 -3.78832168722e-02 8.35262092331e-03
3.98107170553e+04 -3.72138449416e-02 1.03964947230e-02
5.01187233627e+04 -3.61833392833e-02 1.28580995204e-02
6.30957344480e+04 -3.46222108841e-02 1.57481454949e-02
7.94328234724e+04 -3.23140076436e-02 1.90081421682e-02
1.00000000000e+05 -2.90209759124e-02 2.24613739128e-02
1.25892541179e+05 -2.45546525137e-02 2.57698372806e-02
1.58489319246e+05 -1.88952474568e-02 2.84425160332e-02
1.99526231497e+05 -1.23111397166e-02 2.99488208107e-02
2.51188643151e+05 -5.37116700636e-03 2.99296967627e-02
3.16227766017e+05 1.22288832205e-03 2.83806179506e-02
3.98107170553e+05 6.89859641352e-03 2.56530943550e-02
5.01187233627e+05 1.13828443753e-02 2.22732285502e-02
6.30957344480e+05 1.46919341116e-02 1.87296447599e-02
7.94328234724e+05 1.70127979062e-02 1.53580808844e-02
1.00000000000e+06 1.85830877719e-02 1.23316629486e-02
1.25892541179e+06 1.96198100260e-02 9.70330462940e-03
1.58489319246e+06 2.02931368260e-02 7.45446785144e-03
1.99526231497e+06 2.07256521782e-02 5.53128133354e-03
2.51188643151e+06 2.10012759364e-02 3.86606536851e-03
3.16227766017e+06 2.11756441469e-02 2.38812063398e-03
3.98107170553e+06 2.12848328024e-02 1.02793918621e-03
5.01187233627e+06 2.13517821165e-02 -2.82241208560e-04
6.30957344480e+06 2.13906913979e-02 -1.60982630608e-03
7.94328234724e+06 2.14098586846e-02 -3.02431244809e-03
1.00000000000e+07 2.14133813362e-02 -4.60040080717e-03
1.25892541179e+07 2.14020043755e-02 -6.42166829050e-03
1.58489319246e+07 2.13732674007e-02 -8.58484284809e-03
1.99526231497e+07 2.13209692632e-02 -1.12048252831e-02
2.51188643151e+07 2.12338311342e-02 -1.44206613296e-02
3.16227766017e+07 2.10930708298e-02 -1.84027094514e-02
3.98107170553e+07 2.08683728650e-02 -2.33612689865e-02
5.01187233627e+07 2.05114063110e-02 -2.95569091656e-02
6.30957344480e+07 1.99455469212e-02 -3.73126217522e-02
7.94328234724e+07 1.90497243222e-02 -4.70276035691e-02
1.00000000000e+08 1.76332546860e-02 -5.91917524854e-02
1.25892541179e+08 1.53970865104e-02 -7.43984369844e-02
1.58489319246e+08 1.18752088091e-02 -9.33500601043e-02
1.99526231497e+08 6.34870770751e-03 -1.16845187649e-01
2.51188643151e+08 -2.27386852805e-03 -1.45725852191e-01
3.16227766017e+08 -1.56075462457e-02 -1.80747625084e-01
3.98107170553e+08 -3.59446159892e-02 -2.22315185219e-01
5.01187233627e+08 -6.63217957523e-02 -2.70017005467e-01
6.30957344480e+08 -1.10307756515e-01 -3.21938779971e-01
7.94328234724e+08 -1.71216153724e-01 -3.73919314793e-01
1.00000000000e+09 -2.50538717188e-01 -4.19283544101e-01
