1.00000000000e+02 -1.12033712228e+00 5.08397118239e-04
1.25892541179e+02 -1.12033699267e+00 6.40033980347e-04
1.58489319246e+02 -1.12033678726e+00 8.05754900433e-04
1.99526231497e+02 -1.12033646170e+00 1.01438503683e-03
2.51188643151e+02 -1.12033594573e+00 1.27703453554e-03
3.16227766017e+02 -1.12033512797e+00 1.60769010187e-03
3.98107170553e+02 -1.12033383191e+00 2.02395967556e-03
5.01187233627e+02 -1.12033177780e+00 2.54800978273e-03
6.30957344480e+02 -1.12032852227e+00 3.20774531570e-03
7.94328234724e+02 -1.12032336264e+00 4.03829423647e-03
1.00000000000e+03 -1.12031518526e+00 5.08387560755e-03
1.25892541179e+03 -1.12030222524e+00 6.40014910872e-03
1.58489319246e+03 -1.12028168557e+00 8.05716852503e-03
1.99526231497e+03 -1.12024913388e+00 1.01430912337e-02
2.51188643151e+03 -1.12019754663e+00 1.27688307503e-02
3.16227766017e+03 -1.12011579570e+00 1.60738791980e-02
3.98107170553e+03 -1.11998625266e+00 2.02335681065e-02
5.01187233627e+03 -1.11978099967e+00 2.54680712277e-02
6.30957344480e+03 -1.11945584345e+00 3.20534636898e-02
7.94328234724e+03 -1.11894087661e+00 4.03350984267e-02
1.00000000000e+04 -1.11812563987e+00 5.07433622812e-02
1.25892541179e+04 -1.11683590926e+00 6.38113682356e-02
1.58489319246e+04 -1.11479766226e+00 8.01930112723e-02
1.99526231497e+04 -1.11158184120e+00 1.00677470673e-01
2.51188643151e+04 -1.10652141384e+00 1.26191625697e-01
3.16227766017e+04 -1.09859110028e+00 1.57773256084e-01
3.98107170553e+04 -1.08624333772e+00 1.96483082075e-01
5.01187233627e+04 -1.06720951027e+00 2.43201384601e-01
6.30957344480e+04 -1.03831860193e+00 2.98230449177e-01
7.94328234724e+04 -9.95477313223e-01 3.60623730266e-01
1.00000000000e+05 -9.34098246557e-01 4.27256834984e-01
1.25892541179e+05 -8.50359916414e-01 4.91955116659e-01
1.58489319246e+05 -7.43433847492e-01 5.45501917314e-01
1.99526231497e+05 -6.17870245678e-01 5.77594650671e-01
2.51188643151e+05 -4.84141644137e-01 5.80799298899e-01
3.16227766017e+05 -3.55747528665e-01 5.54289634786e-01
3.98107170553e+05 -2.44180434153e-01 5.04299588914e-01
5.01187233627e+05 -1.55334893517e-01 4.40875081324e-01
6.30957344480e+05 -8.93724677074e-02 3.73700787003e-01
7.94328234724e+05 -4.29042501296e-02 3.09646166835e-01
1.00000000000e+06 -1.13668522915e-02 2.52416004846e-01
1.25892541179e+06 9.49896022465e-03 2.03319202174e-01
1.58489319246e+06 2.30720097977e-02 1.62226295477e-01
1.99526231497e+06 3.18030864248e-02 1.28302287585e-01
2.51188643151e+06 3.73777369627e-02 1.00455794703e-01
3.16227766017e+06 4.09178001491e-02 7.75746194679e-02
3.98107170553e+06 4.31544033541e-02 5.86300840927e-02
5.01187233627e+06 4.45570364412e-02 4.27097835847e-02
6.30957344480e+06 4.54231343270e-02 2.90147170743e-02
7.94328234724e+06 4.59375173028e-02 1.68402763595e-02
1.00000000000e+07 4.62103698879e-02 5.55076550382e-03
1.25892541179e+07 4.63002603344e-02 -5.44824904345e-03
1.58489319246e+07 4.62264862760e-02 -1.67382538915e-02
1.99526231497e+07 4.59731446529e-02 -2.89166526101e-02
2.51188643151e+07 4.54857182135e-02 -4.26266833112e-02
3.16227766017e+07 4.46594591961e-02 -5.85890494218e-02
3.98107170553e+07 4.33171995261e-02 -7.76356604032e-02
5.01187233627e+07 4.11721762760e-02 -1.00745020225e-01
6.30957344480e+07 3.77688042881e-02 -1.29076860808e-01
7.94328234724e+07 3.23909819935e-02 -1.63999620021e-01
1.00000000000e+08 2.39239492565e-02 -2.07096547124e-01
1.25892541179e+08 1.06539144728e-02 -2.60121731329e-01
1.58489319246e+08 -1.00046875474e-02 -3.24852486672e-01
1.99526231497e+08 -4.18379678855e-02 -4.02747334660e-01
2.51188643151e+08 -9.01278581288e-02 -4.94278720120e-01
3.16227766017e+08 -1.61669738420e-01 -5.97811745994e-01
3.98107170553e+08 -2.64031627684e-01 -7.08063597690e-01
5.01187233627e+08 -4.03422536557e-01 -8.14686093314e-01
6.30957344480e+08 -5.80977588263e-01 -9.02358080552e-01
7.94328234724e+08 -7.88861729547e-01 -9.54135205194e-01
1.00000000000e+09 -1.00953173405e+00 -9.58040127618e-01
