1.00000000000e+02 -1.23052634600e+00 5.62848880948e-04
1.25892541179e+02 -1.23052620178e+00 7.08584679716e-04
1.58489319246e+02 -1.23052597320e+00 8.92055101059e-04
1.99526231497e+02 -1.23052561093e+00 1.12303051891e-03
2.51188643151e+02 -1.23052503676e+00 1.41381102691e-03
3.16227766017e+02 -1.23052412677e+00 1.77988136910e-03
3.98107170553e+02 -1.23052268453e+00 2.24073537123e-03
5.01187233627e+02 -1.23052039875e+00 2.82091368325e-03
6.30957344480e+02 -1.23051677605e+00 3.55130991073e-03
7.94328234724e+02 -1.23051103449e+00 4.47081432016e-03
1.00000000000e+03 -1.23050193484e+00 5.62838191092e-03
1.25892541179e+03 -1.23048751313e+00 7.08563350891e-03
1.58489319246e+03 -1.23046465693e+00 8.92012545223e-03
1.99526231497e+03 -1.23042843395e+00 1.12294561127e-02
2.51188643151e+03 -1.23037102857e+00 1.41364162153e-02
3.16227766017e+03 -1.23028005769e+00 1.77954338509e-02
3.98107170553e+03 -1.23013590491e+00 2.24006108085e-02
5.01187233627e+03 -1.22990750437e+00 2.81956853849e-02
6.30957344480e+03 -1.22954568011e+00 3.54862675723e-02
7.94328234724e+03 -1.22897264443e+00 4.46546313661e-02
1.00000000000e+04 -1.22806549033e+00 5.61771251310e-02
1.25892541179e+04 -1.22663037006e+00 7.06436930485e-02
1.58489319246e+04 -1.22436242049e+00 8.87777359950e-02
1.99526231497e+04 -1.22078435407e+00 1.11451917031e-01
2.51188643151e+04 -1.21515430574e+00 1.39690358492e-01
3.16227766017e+04 -1.20633233334e+00 1.74638085675e-01
3.98107170553e+04 -1.19259867626e+00 2.17462073435e-01
5.01187233627e+04 -1.17143435809e+00 2.69123509487e-01
6.30957344480e+04 -1.13932316322e+00 3.29934050693e-01
7.94328234724e+04 -1.09173662245e+00 3.98809710738e-01
1.00000000000e+05 -1.02362135864e+00 4.72243424550e-01
1.25892541179e+05 -9.30811233585e-01 5.43353565348e-01
1.58489319246e+05 -8.12499314664e-01 6.01928608733e-01
1.99526231497e+05 -6.73847993191e-01 6.36637666852e-01
2.51188643151e+05 -5.26515360621e-01 6.39416853978e-01
3.16227766017e+05 -3.85383684634e-01 6.09540501223e-01
3.98107170553e+05 -2.63005127004e-01 5.54017672653e-01
5.01187233627e+05 -1.65720250677e-01 4.83951169622e-01
6.30957344480e+05 -9.35895872537e-02 4.09959034334e-01
7.94328234724e+05 -4.28258830103e-02 3.39527342184e-01
1.00000000000e+06 -8.39670032997e-03 2.76666334455e-01
1.25892541179e+06 1.43718104171e-02 2.22770924116e-01
1.58489319246e+06 2.91778268549e-02 1.77672818989e-01
1.99526231497e+06 3.86997261941e-02 1.40440545900e-01
2.51188643151e+06 4.47778245680e-02 1.09867867806e-01
3.16227766017e+06 4.86361358893e-02 8.47290630180e-02
3.98107170553e+06 5.10718569582e-02 6.38913967431e-02
5.01187233627e+06 5.25964026360e-02 4.63498617709e-02
6.30957344480e+06 5.35331007820e-02 3.12232955054e-02
7.94328234724e+06 5.40818433438e-02 1.77330143095e-02
1.00000000000e+07 5.43601675093e-02 5.17444281883e-03
1.25892541179e+07 5.44278045346e-02 -7.11361662005e-03
1.58489319246e+07 5.42992600958e-02 -1.97804506812e-02
1.99526231497e+07 5.39468602775e-02 -3.34954909076e-02
2.51188643151e+07 5.32948439304e-02 -4.89814282180e-02
3.16227766017e+07 5.22032857340e-02 -6.70489033758e-02
3.98107170553e+07 5.04386288622e-02 -8.86327656072e-02
5.01187233627e+07 4.76251272831e-02 -1.14828487465e-01
6.30957344480e+07 4.31683701736e-02 -1.46924313121e-01
7.94328234724e+07 3.61384563456e-02 -1.86418707300e-01
1.00000000000e+08 2.50975098093e-02 -2.35001286012e-01
1.25892541179e+08 7.85792403449e-03 -2.94455200409e-01
1.58489319246e+08 -1.88262938219e-02 -3.66406717319e-01
1.99526231497e+08 -5.95820068041e-02 -4.51806612438e-01
2.51188643151e+08 -1.20581943451e-01 -5.50004988530e-01
3.16227766017e+08 -2.09171887207e-01 -6.57361732793e-01
3.98107170553e+08 -3.32359145006e-01 -7.65686279595e-01
5.01187233627e+08 -4.93691409187e-01 -8.61543489556e-01
6.30957344480e+08 -6.89169771336e-01 -9.28172249870e-01
7.94328234724e+08 -9.04881667719e-01 -9.50996610843e-01
1.00000000000e+09 -1.11969131573e+00 -9.24459728338e-01
