1.00000000000e+02 -1.32949044002e-01 6.01518785690e-05
1.25892541179e+02 -1.32949030783e-01 7.57267222531e-05
1.58489319246e+02 -1.32949009832e-01 9.53342825366e-05
1.99526231497e+02 -1.32948976627e-01 1.20018726040e-04
2.51188643151e+02 -1.32948924000e-01 1.51094574501e-04
3.16227766017e+02 -1.32948840593e-01 1.90216700453e-04
3.98107170553e+02 -1.32948708401e-01 2.39468440476e-04
5.01187233627e+02 -1.32948498891e-01 3.01472511032e-04
6.30957344480e+02 -1.32948166842e-01 3.79530618952e-04
7.94328234724e+02 -1.32947640582e-01 4.77799172199e-04
1.00000000000e+03 -1.32946806523e-01 6.01510389966e-04
1.25892541179e+03 -1.32945484647e-01 7.57250470999e-04
1.58489319246e+03 -1.32943389659e-01 9.53309402106e-04
1.99526231497e+03 -1.32940069440e-01 1.20012057363e-03
2.51188643151e+03 -1.32934807527e-01 1.51081269180e-03
3.16227766017e+03 -1.32926468665e-01 1.90190154241e-03
3.98107170553e+03 -1.32913254233e-01 2.39415478224e-03
5.01187233627e+03 -1.32892315227e-01 3.01366851371e-03
6.30957344480e+03 -1.32859140328e-01 3.79319844234e-03
7.94328234724e+03 -1.32806589747e-01 4.77378760481e-03
1.00000000000e+04 -1.32723373171e-01 6.00671997914e-03
1.25892541179e+04 -1.32591660536e-01 7.55579047224e-03
1.58489319246e+04 -1.32383352882e-01 9.49978854090e-03
1.99526231497e+04 -1.32054315130e-01 1.19348906367e-02
2.51188643151e+04 -1.31535589334e-01 1.49762452001e-02
3.16227766017e+04 -1.30720334767e-01 1.87572387050e-02
3.98107170553e+04 -1.29445218981e-01 2.34234847261e-02
5.01187233627e+04 -1.27465846810e-01 2.91161770873e-02
6.30957344480e+04 -1.24428974425e-01 3.59361005038e-02
7.94328234724e+04 -1.19852219709e-01 4.38767368376e-02
1.00000000000e+05 -1.13137400050e-01 5.27179277732e-02
1.25892541179e+05 -1.03663744007e-01 6.18926939779e-02
1.58489319246e+05 -9.10101538134e-02 7.03931727862e-02
1.99526231497e+05 -7.52912662122e-02 7.68512545238e-02
2.51188643151e+05 -5.74327483450e-02 7.99176454784e-02
3.16227766017e+05 -3.90900485798e-02 7.88451459898e-02
3.98107170553e+05 -2.21018645814e-02 7.38827695033e-02
5.01187233627e+05 -7.81095122941e-03 6.61371339822e-02
6.30957344480e+05 3.26985184469e-03 5.70271524578e-02
7.94328234724e+05 1.13307529980e-02 4.77664312763e-02
1.00000000000e+06 1.69266316746e-02 3.91360166143e-02
1.25892541179e+06 2.06861359606e-02 3.15081345705e-02
1.58489319246e+06 2.31564964710e-02 2.49716545022e-02
1.99526231497e+06 2.47559471810e-02 1.94556903069e-02
2.51188643151e+06 2.57812444964e-02 1.48156445518e-02
3.16227766017e+06 2.64336740428e-02 1.08826266644e-02
3.98107170553e+06 2.68459020238e-02 7.48753023509e-03
5.01187233627e+06 2.71036104868e-02 4.47014855545e-03
6.30957344480e+06 2.72611008218e-02 1.68024637013e-03
7.94328234724e+06 2.73518369260e-02 -1.02545216000e-03
1.00000000000e+07 2.73951927885e-02 -3.78832791515e-03
1.25892541179e+07 2.74004437602e-02 -6.75407215965e-03
1.58489319246e+07 2.73686935345e-02 -1.00797357873e-02
1.99526231497e+07 2.72930854373e-02 -1.39416552434e-02
2.51188643151e+07 2.71573193636e-02 -1.85444631083e-02
3.16227766017e+07 2.69321515183e-02 -2.41314759317e-02
3.98107170553e+07 2.65691378716e-02 -3.09967611511e-02
5.01187233627e+07 2.59903213260e-02 -3.94990878667e-02
6.30957344480e+07 2.50717664247e-02 -5.00776690273e-02
7.94328234724e+07 2.36177127123e-02 -6.32689050873e-02
1.00000000000e+08 2.13205750743e-02 -7.97218516844e-02
1.25892541179e+08 1.77001460460e-02 -1.00207139119e-01
1.58489319246e+08 1.20137200955e-02 -1.25608344200e-01
1.99526231497e+08 3.12931802113e-03 -1.56874536792e-01
2.51188643151e+08 -1.06384861518e-02 -1.94896043960e-01
3.16227766017e+08 -3.17061733682e-02 -2.40243337833e-01
3.98107170553e+08 -6.33295346652e-02 -2.92693661726e-01
5.01187233627e+08 -1.09451739130e-01 -3.50503035968e-01
6.30957344480e+08 -1.73974845868e-01 -4.09549043614e-01
7.94328234724e+08 -2.59168897726e-01 -4.62850723414e-01
1.00000000000e+09 -3.63459471483e-01 -5.01390973413e-01
