1.00000000000e+02 -3.63894823947e-03 9.71584693853e-06
1.25892541179e+02 -3.63894694539e-03 1.22315262409e-05
1.58489319246e+02 -3.63894489442e-03 1.53985784771e-05
1.99526231497e+02 -3.63894164384e-03 1.93856602886e-05
2.51188643151e+02 -3.63893649203e-03 2.44050974452e-05
3.16227766017e+02 -3.63892832696e-03 3.07241915319e-05
3.98107170553e+02 -3.63891538620e-03 3.86794538656e-05
5.01187233627e+02 -3.63889487650e-03 4.86945242193e-05
6.30957344480e+02 -3.63886237086e-03 6.13027277319e-05
7.94328234724e+02 -3.63881085298e-03 7.71754695271e-05
1.00000000000e+03 -3.63872920289e-03 9.71579757384e-05
1.25892541179e+03 -3.63859979685e-03 1.22314277456e-04
1.58489319246e+03 -3.63839470368e-03 1.53983819542e-04
1.99526231497e+03 -3.63806965686e-03 1.93852681769e-04
2.51188643151e+03 -3.63755450231e-03 2.44043150889e-04
3.16227766017e+03 -3.63673806233e-03 3.07226305555e-04
3.98107170553e+03 -3.63544415486e-03 3.86763394017e-04
5.01187233627e+03 -3.63339360716e-03 4.86883103422e-04
6.30957344480e+03 -3.63014410354e-03 6.12903303513e-04
7.94328234724e+03 -3.62499498046e-03 7.71507364546e-04
1.00000000000e+04 -3.61683666398e-03 9.71086361089e-04
1.25892541179e+04 -3.60391286362e-03 1.22215861468e-03
1.58489319246e+04 -3.58344572959e-03 1.53787547092e-03
1.99526231497e+04 -3.55104690822e-03 1.93461361311e-03
2.51188643151e+04 -3.49979696843e-03 2.43263293632e-03
3.16227766017e+04 -3.41881835195e-03 3.05673216799e-03
3.98107170553e+04 -3.29109278015e-03 3.83673798763e-03
5.01187233627e+04 -3.09019632165e-03 4.80747498766e-03
6.30957344480e+04 -2.77559524194e-03 6.00751613232e-03
7.94328234724e+04 -2.28630530358e-03 7.47542237852e-03
1.00000000000e+05 -1.53339442771e-03 9.24131418336e-03
1.25892541179e+05 -3.93621202012e-04 1.13107413120e-02
1.58489319246e+05 1.28977453718e-03 1.36380863202e-02
1.99526231497e+05 3.68767720352e-03 1.60910523510e-02
2.51188643151e+05 6.93293646811e-03 1.84202607466e-02
3.16227766017e+05 1.10335549790e-02 2.02672578478e-02
3.98107170553e+05 1.57880172174e-02 2.12491268615e-02
5.01187233627e+05 2.07807202790e-02 2.11115545096e-02
6.30957344480e+05 2.55068250693e-02 1.98571740322e-02
7.94328234724e+05 2.95609041635e-02 1.77407422754e-02
1.00000000000e+06 3.27548306926e-02 1.51352752978e-02
1.25892541179e+06 3.51064182921e-02 1.23805108239e-02
1.58489319246e+06 3.67527094681e-02 9.70252674613e-03
1.99526231497e+06 3.78646287001e-02 7.20826999342e-03
2.51188643151e+06 3.85969657666e-02 4.91594982446e-03
3.16227766017e+06 3.90703918886e-02 2.78899752738e-03
3.98107170553e+06 3.93712354173e-02 7.60485009312e-04
5.01187233627e+06 3.95578585832e-02 -1.25319287266e-03
6.30957344480e+06 3.96678583482e-02 -3.34661955518e-03
7.94328234724e+06 3.97238918552e-02 -5.62476888636e-03
1.00000000000e+07 3.97376182462e-02 -8.20557852173e-03
1.25892541179e+07 3.97118289854e-02 -1.12246207308e-02
1.58489319246e+07 3.96408970276e-02 -1.48414183686e-02
1.99526231497e+07 3.95095078847e-02 -1.92473257582e-02
2.51188643151e+07 3.92893506774e-02 -2.46750998812e-02
3.16227766017e+07 3.89330522296e-02 -3.14103687548e-02
3.98107170553e+07 3.83640856896e-02 -3.98051526239e-02
5.01187233627e+07 3.74605965912e-02 -5.02933320299e-02
6.30957344480e+07 3.60299648463e-02 -6.34072982398e-02
7.94328234724e+07 3.37693834578e-02 -7.97935907980e-02
1.00000000000e+08 3.02058477887e-02 -1.00222426001e-01
1.25892541179e+08 2.46072404510e-02 -1.25580446613e-01
1.58489319246e+08 1.58564239905e-02 -1.56825968695e-01
1.99526231497e+08 2.28699356430e-03 -1.94869546203e-01
2.51188643151e+08 -1.84974370245e-02 -2.40320420460e-01
3.16227766017e+08 -4.97417570608e-02 -2.93022664000e-01
3.98107170553e+08 -9.54106791701e-02 -3.51333032446e-01
5.01187233627e+08 -1.59498633085e-01 -4.11250602514e-01
6.30957344480e+08 -2.44475569128e-01 -4.65881033213e-01
7.94328234724e+08 -3.49058130447e-01 -5.06156208211e-01
1.00000000000e+09 -4.66578733019e-01 -5.23530843640e-01
