1.00000000000e+02 -4.62313062648e-04 1.04594638736e-05
1.25892541179e+02 -4.62311699555e-04 1.31676844864e-05
1.58489319246e+02 -4.62309539198e-04 1.65771318607e-05
1.99526231497e+02 -4.62306115263e-04 2.08693710501e-05
2.51188643151e+02 -4.62300688693e-04 2.62729785423e-05
3.16227766017e+02 -4.62292088162e-04 3.30757143430e-05
3.98107170553e+02 -4.62278457244e-04 4.16398453531e-05
5.01187233627e+02 -4.62256853712e-04 5.24214356218e-05
6.30957344480e+02 -4.62222614462e-04 6.59946298672e-05
7.94328234724e+02 -4.62168349006e-04 8.30822216877e-05
1.00000000000e+03 -4.62082344305e-04 1.04594130813e-04
1.25892541179e+03 -4.61946036670e-04 1.31675831427e-04
1.58489319246e+03 -4.61730005211e-04 1.65769296543e-04
1.99526231497e+03 -4.61387622398e-04 2.08689675983e-04
2.51188643151e+03 -4.60844992196e-04 2.62721735593e-04
3.16227766017e+03 -4.59985006368e-04 3.30741082198e-04
3.98107170553e+03 -4.58622083694e-04 4.16366408079e-04
5.01187233627e+03 -4.56462155084e-04 5.24150420035e-04
6.30957344480e+03 -4.53039296403e-04 6.59818738389e-04
7.94328234724e+03 -4.47615429150e-04 8.30567729651e-04
1.00000000000e+04 -4.39021685244e-04 1.04543363104e-03
1.25892541179e+04 -4.25407811151e-04 1.31574565509e-03
1.58489319246e+04 -4.03847065483e-04 1.65567336046e-03
1.99526231497e+04 -3.69715193708e-04 2.08287001053e-03
2.51188643151e+04 -3.15719084309e-04 2.61919206459e-03
3.16227766017e+04 -2.30389452037e-04 3.29142704772e-03
3.98107170553e+04 -9.57715746164e-05 4.13186287351e-03
5.01187233627e+04 1.16038854747e-04 5.17833692563e-03
6.30957344480e+04 4.47911074475e-04 6.47304144205e-03
7.94328234724e+04 9.64499373162e-04 8.05874042637e-03
1.00000000000e+05 1.76045742305e-03 9.97012400257e-03
1.25892541179e+05 2.96780339821e-03 1.22170255130e-02
1.58489319246e+05 4.75632392228e-03 1.47562868692e-02
1.99526231497e+05 7.31499237435e-03 1.74531564645e-02
2.51188643151e+05 1.07986127612e-02 2.00458145466e-02
3.16227766017e+05 1.52349605825e-02 2.21477110069e-02
3.98107170553e+05 2.04275889492e-02 2.33313090446e-02
5.01187233627e+05 2.59377840515e-02 2.32925569911e-02
6.30957344480e+05 3.12087373879e-02 2.20017559633e-02
7.94328234724e+05 3.57734250745e-02 1.97157452096e-02
1.00000000000e+06 3.93980725296e-02 1.68399057972e-02
1.25892541179e+06 4.20829124355e-02 1.37568118297e-02
1.58489319246e+06 4.39705912311e-02 1.07277759174e-02
1.99526231497e+06 4.52491374163e-02 7.88000367270e-03
2.51188643151e+06 4.60924824443e-02 5.23794378213e-03
3.16227766017e+06 4.66376779754e-02 2.76115331640e-03
3.98107170553e+06 4.69832740175e-02 3.72269177144e-04
5.01187233627e+06 4.71959222803e-02 -2.02711283298e-03
6.30957344480e+06 4.73182737255e-02 -4.54980669267e-03
7.94328234724e+06 4.73754231115e-02 -7.32242746099e-03
1.00000000000e+07 4.73791797054e-02 -1.04885630896e-02
1.25892541179e+07 4.73301501776e-02 -1.42144891611e-02
1.58489319246e+07 4.72176870216e-02 -1.86968933188e-02
1.99526231497e+07 4.70175324406e-02 -2.41724994450e-02
2.51188643151e+07 4.66865982837e-02 -3.09296957976e-02
3.16227766017e+07 4.61537701150e-02 -3.93223079278e-02
3.98107170553e+07 4.53048451100e-02 -4.97854743467e-02
5.01187233627e+07 4.39586118338e-02 -6.28530293386e-02
6.30957344480e+07 4.18295620974e-02 -7.91745429929e-02
7.94328234724e+07 3.84708034075e-02 -9.95275802375e-02
1.00000000000e+08 3.31888047223e-02 -1.24815700470e-01
1.25892541179e+08 2.49210893368e-02 -1.56033473416e-01
1.58489319246e+08 1.20727867299e-02 -1.94164228854e-01
1.99526231497e+08 -7.67306609869e-03 -2.39953931343e-01
2.51188643151e+08 -3.75071476873e-02 -2.93483457406e-01
3.16227766017e+08 -8.14440934623e-02 -3.53474044515e-01
3.98107170553e+08 -1.43770171421e-01 -4.16384620797e-01
5.01187233627e+08 -2.27638382019e-01 -4.75696595567e-01
6.30957344480e+08 -3.32826437533e-01 -5.22266425411e-01
7.94328234724e+08 -4.53702382263e-01 -5.46665180365e-01
1.00000000000e+09 -5.79399545745e-01 -5.43111515132e-01
