1.00000000000e+02 -4.06902293389e-04 9.24816426008e-06
1.25892541179e+02 -4.06902157081e-04 1.16427489957e-05
1.58489319246e+02 -4.06901941047e-04 1.46573525664e-05
1.99526231497e+02 -4.06901598656e-04 1.84525136005e-05
2.51188643151e+02 -4.06901056003e-04 2.32303382535e-05
3.16227766017e+02 -4.06900195956e-04 2.92452630926e-05
3.98107170553e+02 -4.06898832873e-04 3.68176047635e-05
5.01187233627e+02 -4.06896672533e-04 4.63506180020e-05
6.30957344480e+02 -4.06893248624e-04 5.83519703839e-05
7.94328234724e+02 -4.06887822095e-04 7.34607774044e-05
1.00000000000e+03 -4.06879221626e-04 9.24816375688e-05
1.25892541179e+03 -4.06865590801e-04 1.16427479917e-04
1.58489319246e+03 -4.06843987402e-04 1.46573505631e-04
1.99526231497e+03 -4.06809748325e-04 1.84525096035e-04
2.51188643151e+03 -4.06755483056e-04 2.32303302783e-04
3.16227766017e+03 -4.06669478423e-04 2.92452471800e-04
3.98107170553e+03 -4.06533170329e-04 3.68175730137e-04
5.01187233627e+03 -4.06317136711e-04 4.63505546528e-04
6.30957344480e+03 -4.05974746890e-04 5.83518439858e-04
7.94328234724e+03 -4.05432096568e-04 7.34605252074e-04
1.00000000000e+04 -4.04572056212e-04 9.24811343705e-04
1.25892541179e+04 -4.03208990254e-04 1.16426475907e-03
1.58489319246e+04 -4.01048691736e-04 1.46571502377e-03
1.99526231497e+04 -3.97624888101e-04 1.84521099045e-03
2.51188643151e+04 -3.92198622437e-04 2.32295327828e-03
3.16227766017e+04 -3.83598815600e-04 2.92436559950e-03
3.98107170553e+04 -3.69969654849e-04 3.68143982704e-03
5.01187233627e+04 -3.48370434324e-04 4.63442204857e-03
6.30957344480e+04 -3.14141853479e-04 5.83392065413e-03
7.94328234724e+04 -2.59902944450e-04 7.34353129745e-03
1.00000000000e+05 -1.73964513244e-04 9.24308381533e-03
1.25892541179e+05 -3.78226512502e-05 1.16326149579e-02
1.58489319246e+05 1.77793634007e-04 1.46371412944e-02
1.99526231497e+05 5.19136063761e-04 1.84122145820e-02
2.51188643151e+05 1.05915902846e-03 2.31500188032e-02
3.16227766017e+05 1.91261392820e-03 2.90852811546e-02
3.98107170553e+05 3.25919409662e-03 3.64992691075e-02
5.01187233627e+05 5.37830386848e-03 4.57181876134e-02
6.30957344480e+05 8.69951764161e-03 5.70986521493e-02
7.94328234724e+05 1.38714916000e-02 7.09866365359e-02
1.00000000000e+06 2.18456811012e-02 8.76267939924e-02
1.25892541179e+06 3.39532049045e-02 1.06988432810e-01
1.58489319246e+06 5.19145387822e-02 1.28473516826e-01
1.99526231497e+06 7.76608949802e-02 1.50510241010e-01
2.51188643151e+06 1.12802008721e-01 1.70160427862e-01
3.16227766017e+06 1.57672992243e-01 1.83085731722e-01
3.98107170553e+06 2.10285962845e-01 1.84332316223e-01
5.01187233627e+06 2.66028148745e-01 1.69982425184e-01
6.30957344480e+06 3.18810420480e-01 1.38758167267e-01
7.94328234724e+06 3.63150831022e-01 9.22539266728e-02
1.00000000000e+07 3.95657281811e-01 3.35747271227e-02
1.25892541179e+07 4.14989620114e-01 -3.44392408295e-02
1.58489319246e+07 4.20742442352e-01 -1.10208970969e-01
1.99526231497e+07 4.12166053270e-01 -1.93375120013e-01
2.51188643151e+07 3.87258970387e-01 -2.84036992447e-01
3.16227766017e+07 3.42392430518e-01 -3.81564472318e-01
3.98107170553e+07 2.72629575464e-01 -4.83129480499e-01
5.01187233627e+07 1.73095670711e-01 -5.82252289700e-01
6.30957344480e+07 4.16788150341e-02 -6.68219999621e-01
7.94328234724e+07 -1.17580857942e-01 -7.27772325906e-01
1.00000000000e+08 -2.92697896455e-01 -7.49716781057e-01
1.25892541179e+08 -4.66184240961e-01 -7.30415507100e-01
1.58489319246e+08 -6.21305611768e-01 -6.75936922653e-01
1.99526231497e+08 -7.47833571402e-01 -5.98930162252e-01
2.51188643151e+08 -8.43540898351e-01 -5.13000602304e-01
3.16227766017e+08 -9.11888353282e-01 -4.28620611334e-01
3.98107170553e+08 -9.58718115846e-01 -3.51964563174e-01
5.01187233627e+08 -9.89901779287e-01 -2.85657457683e-01
6.30957344480e+08 -1.01027412096e+00 -2.30061906505e-01
7.94328234724e+08 -1.02341791080e+00 -1.84362101862e-01
1.00000000000e+09 -1.03182966707e+00 -1.47266243267e-01
