1.00000000000e+02 -1.56722348480e-01 7.10763000345e-05
1.25892541179e+02 -1.56722332366e-01 8.94797524360e-05
1.58489319246e+02 -1.56722306829e-01 1.12648318513e-04
1.99526231497e+02 -1.56722266354e-01 1.41815799505e-04
2.51188643151e+02 -1.56722202206e-01 1.78535451407e-04
3.16227766017e+02 -1.56722100539e-01 2.24762692209e-04
3.98107170553e+02 -1.56721939407e-01 2.82959216490e-04
5.01187233627e+02 -1.56721684030e-01 3.56224052606e-04
6.30957344480e+02 -1.56721279288e-01 4.48458523402e-04
7.94328234724e+02 -1.56720637818e-01 5.64573858510e-04
1.00000000000e+03 -1.56719621165e-01 7.10752441222e-04
1.25892541179e+03 -1.56718009902e-01 8.94776456326e-04
1.58489319246e+03 -1.56715456281e-01 1.12644114946e-03
1.99526231497e+03 -1.56711409208e-01 1.41807412474e-03
2.51188643151e+03 -1.56704995397e-01 1.78518717669e-03
3.16227766017e+03 -1.56694831107e-01 2.24729305879e-03
3.98107170553e+03 -1.56678724096e-01 2.82892607900e-03
5.01187233627e+03 -1.56653201987e-01 3.56091169643e-03
6.30957344480e+03 -1.56612766690e-01 4.48193445970e-03
7.94328234724e+03 -1.56548717510e-01 5.64045145772e-03
1.00000000000e+04 -1.56447297847e-01 7.09698109132e-03
1.25892541179e+04 -1.56286787809e-01 8.92674645627e-03
1.58489319246e+04 -1.56032970889e-01 1.12225334925e-02
1.99526231497e+04 -1.55632134467e-01 1.40973684049e-02
2.51188643151e+04 -1.55000434026e-01 1.76861020341e-02
3.16227766017e+04 -1.54008155559e-01 2.21439973055e-02
3.98107170553e+04 -1.52457465671e-01 2.76386301114e-02
5.01187233627e+04 -1.50053463511e-01 3.43284997816e-02
6.30957344480e+04 -1.46372518657e-01 4.23178297983e-02
7.94328234724e+04 -1.40842015427e-01 5.15741755880e-02
1.00000000000e+05 -1.32764477506e-01 6.18007252587e-02
1.25892541179e+05 -1.21441601392e-01 7.22836433146e-02
1.58489319246e+05 -1.06450520648e-01 8.18010334049e-02
1.99526231497e+05 -8.80357101573e-02 8.87561477805e-02
2.51188643151e+05 -6.73886789390e-02 9.16579845551e-02
3.16227766017e+05 -4.64795801544e-02 8.97912544368e-02
3.98107170553e+05 -2.73781004827e-02 8.35989650834e-02
5.01187233627e+05 -1.15020006051e-02 7.44386788692e-02
6.30957344480e+05 6.88758251933e-04 6.39326225147e-02
7.94328234724e+05 9.49255291076e-03 5.34113387124e-02
1.00000000000e+06 1.55724812127e-02 4.37008491270e-02
1.25892541179e+06 1.96427228655e-02 3.51756718096e-02
1.58489319246e+06 2.23109905807e-02 2.79072726329e-02
1.99526231497e+06 2.40359676019e-02 2.18008989299e-02
2.51188643151e+06 2.51407141907e-02 1.66879827356e-02
3.16227766017e+06 2.58433826988e-02 1.23781474584e-02
3.98107170553e+06 2.62873799021e-02 8.68405331438e-03
5.01187233627e+06 2.65652063967e-02 5.43048295514e-03
6.30957344480e+06 2.67354912034e-02 2.45507776678e-03
7.94328234724e+06 2.68344541474e-02 -3.95090316364e-04
1.00000000000e+07 2.68832427099e-02 -3.26898358544e-03
1.25892541179e+07 2.68923039448e-02 -6.31815156478e-03
1.58489319246e+07 2.68635634863e-02 -9.70406537469e-03
1.99526231497e+07 2.67908137889e-02 -1.36062678833e-02
2.51188643151e+07 2.66583706943e-02 -1.82315539646e-02
3.16227766017e+07 2.64377051786e-02 -2.38244819098e-02
3.98107170553e+07 2.60813388285e-02 -3.06795285195e-02
5.01187233627e+07 2.55127338093e-02 -3.91551080783e-02
6.30957344480e+07 2.46101198738e-02 -4.96893887801e-02
7.94328234724e+07 2.31810800735e-02 -6.28171648044e-02
1.00000000000e+08 2.09231859274e-02 -7.91855984004e-02
1.25892541179e+08 1.73640987915e-02 -9.95637332202e-02
1.58489319246e+08 1.17728714312e-02 -1.24835095141e-01
1.99526231497e+08 3.03446398476e-03 -1.55952637465e-01
2.51188643151e+08 -1.05136681450e-02 -1.93818859136e-01
3.16227766017e+08 -3.12606605056e-02 -2.39031805919e-01
3.98107170553e+08 -6.24377612920e-02 -2.91421329105e-01
5.01187233627e+08 -1.07984818194e-01 -3.49329166981e-01
6.30957344480e+08 -1.71854521178e-01 -4.08745981000e-01
7.94328234724e+08 -2.56457121246e-01 -4.62791376320e-01
1.00000000000e+09 -3.60446261409e-01 -5.02454391564e-01
