1.00000000000e+02 -1.24087499392e+00 3.61214728927e-04
1.25892541179e+02 -1.24087493682e+00 4.54742381958e-04
1.58489319246e+02 -1.24087484633e+00 5.72486701752e-04
1.99526231497e+02 -1.24087470290e+00 7.20717979503e-04
2.51188643151e+02 -1.24087447559e+00 9.07330025008e-04
3.16227766017e+02 -1.24087411532e+00 1.14226051785e-03
3.98107170553e+02 -1.24087354434e+00 1.43802017922e-03
5.01187233627e+02 -1.24087263939e+00 1.81035892203e-03
6.30957344480e+02 -1.24087120514e+00 2.27910440870e-03
7.94328234724e+02 -1.24086893202e+00 2.86921758240e-03
1.00000000000e+03 -1.24086532938e+00 3.61212120189e-03
1.25892541179e+03 -1.24085961962e+00 4.54737176863e-03
1.58489319246e+03 -1.24085057037e+00 5.72476316294e-03
1.99526231497e+03 -1.24083622852e+00 7.20697258016e-03
2.51188643151e+03 -1.24081349884e+00 9.07288680913e-03
3.16227766017e+03 -1.24077747632e+00 1.14217802777e-02
3.98107170553e+03 -1.24072038842e+00 1.43785559697e-02
5.01187233627e+03 -1.24062992018e+00 1.81003055966e-02
6.30957344480e+03 -1.24048656270e+00 2.27844931045e-02
7.94328234724e+03 -1.24025941925e+00 2.86791071342e-02
1.00000000000e+04 -1.23989957891e+00 3.60951436311e-02
1.25892541179e+04 -1.23932966633e+00 4.54217267766e-02
1.58489319246e+04 -1.23842740895e+00 5.71439667637e-02
1.99526231497e+04 -1.23699991674e+00 7.18631101875e-02
2.51188643151e+04 -1.23474372565e+00 9.03173189433e-02
3.16227766017e+04 -1.23118347203e+00 1.13398868304e-01
3.98107170553e+04 -1.22557962172e+00 1.42158523878e-01
5.01187233627e+04 -1.21679419626e+00 1.77778443007e-01
6.30957344480e+04 -1.20310647988e+00 2.21478595698e-01
7.94328234724e+04 -1.18198680061e+00 2.74296717742e-01
1.00000000000e+05 -1.14988260073e+00 3.36653259005e-01
1.25892541179e+05 -1.10217130421e+00 4.07608076023e-01
1.58489319246e+05 -1.03359519434e+00 4.83810726281e-01
1.99526231497e+05 -9.39618214339e-01 5.58467589505e-01
2.51188643151e+05 -8.18908453783e-01 6.21224082621e-01
3.16227766017e+05 -6.76132137833e-01 6.60202226329e-01
3.98107170553e+05 -5.22838350943e-01 6.66414596482e-01
5.01187233627e+05 -3.74448137741e-01 6.38215965387e-01
6.30957344480e+05 -2.44530854194e-01 5.82197820464e-01
7.94328234724e+05 -1.40417724591e-01 5.09708911225e-01
1.00000000000e+06 -6.27423153050e-02 4.32009833016e-01
1.25892541179e+06 -7.82966789201e-03 3.57249004511e-01
1.58489319246e+06 2.95277490919e-02 2.89901888118e-01
1.99526231497e+06 5.42798498301e-02 2.31595652248e-01
2.51188643151e+06 7.03896827510e-02 1.82212954361e-01
3.16227766017e+06 8.07458088160e-02 1.40755918327e-01
3.98107170553e+06 8.73385320754e-02 1.05880944977e-01
5.01187233627e+06 9.14905175823e-02 7.61794300348e-02
6.30957344480e+06 9.40572883570e-02 5.02997974525e-02
7.94328234724e+06 9.55765115668e-02 2.69813621440e-02
1.00000000000e+07 9.63695776053e-02 5.04280483935e-03
1.25892541179e+07 9.66051329954e-02 -1.66515901137e-02
1.58489319246e+07 9.63332010174e-02 -3.92365173278e-02
1.99526231497e+07 9.54952380821e-02 -6.38959443983e-02
2.51188643151e+07 9.39116361191e-02 -9.19169112718e-02
3.16227766017e+07 9.12440993621e-02 -1.24745200076e-01
3.98107170553e+07 8.69258003725e-02 -1.64039626052e-01
5.01187233627e+07 8.00470626339e-02 -2.11717081653e-01
6.30957344480e+07 6.91789351960e-02 -2.69970818347e-01
7.94328234724e+07 5.21136657396e-02 -3.41226198072e-01
1.00000000000e+08 2.55065325463e-02 -4.27966352130e-01
1.25892541179e+08 -1.55657709889e-02 -5.32311462065e-01
1.58489319246e+08 -7.80261439717e-02 -6.55179238376e-01
1.99526231497e+08 -1.70899164967e-01 -7.94843147597e-01
2.51188643151e+08 -3.04482460595e-01 -9.44885866847e-01
3.16227766017e+08 -4.87726026936e-01 -1.09216549347e+00
3.98107170553e+08 -7.23400489066e-01 -1.21653405568e+00
5.01187233627e+08 -1.00260130954e+00 -1.29474329727e+00
6.30957344480e+08 -1.30290540251e+00 -1.30903879045e+00
7.94328234724e+08 -1.59413384830e+00 -1.25594934947e+00
1.00000000000e+09 -1.84953769843e+00 -1.14820466204e+00
