1.00000000000e+02 -1.12676628020e+00 6.80744271476e-05
1.25892541179e+02 -1.12676627880e+00 8.57006261725e-05
1.58489319246e+02 -1.12676627660e+00 1.07890695982e-04
1.99526231497e+02 -1.12676627310e+00 1.35826338641e-04
2.51188643151e+02 -1.12676626756e+00 1.70995228854e-04
3.16227766017e+02 -1.12676625879e+00 2.15270237998e-04
3.98107170553e+02 -1.12676624487e+00 2.71009171219e-04
5.01187233627e+02 -1.12676622282e+00 3.41180328885e-04
6.30957344480e+02 -1.12676618787e+00 4.29520578872e-04
7.94328234724e+02 -1.12676613248e+00 5.40734357334e-04
1.00000000000e+03 -1.12676604470e+00 6.80744194953e-04
1.25892541179e+03 -1.12676590556e+00 8.57006109042e-04
1.58489319246e+03 -1.12676568505e+00 1.07890665517e-03
1.99526231497e+03 -1.12676533556e+00 1.35826277857e-03
2.51188643151e+03 -1.12676478166e+00 1.70995107573e-03
3.16227766017e+03 -1.12676390379e+00 2.15269996011e-03
3.98107170553e+03 -1.12676251246e+00 2.71008688391e-03
5.01187233627e+03 -1.12676030735e+00 3.41179365519e-03
6.30957344480e+03 -1.12675681250e+00 4.29518656707e-03
7.94328234724e+03 -1.12675127355e+00 5.40730522119e-03
1.00000000000e+04 -1.12674249497e+00 6.80736542721e-03
1.25892541179e+04 -1.12672858199e+00 8.56990840927e-03
1.58489319246e+04 -1.12670653177e+00 1.07887619158e-02
1.99526231497e+04 -1.12667158539e+00 1.35820199665e-02
2.51188643151e+04 -1.12661620133e+00 1.70982980286e-02
3.16227766017e+04 -1.12652842908e+00 2.15245799840e-02
3.98107170553e+04 -1.12638933340e+00 2.70960413678e-02
5.01187233627e+04 -1.12616891671e+00 3.41083054274e-02
6.30957344480e+04 -1.12581966791e+00 4.29326520449e-02
7.94328234724e+04 -1.12526636711e+00 5.40347254522e-02
1.00000000000e+05 -1.12438999973e+00 6.79972122414e-02
1.25892541179e+05 -1.12300244412e+00 8.55466566735e-02
1.58489319246e+05 -1.12080680909e+00 1.07583784784e-01
1.99526231497e+05 -1.11733570724e+00 1.35214911369e-01
2.51188643151e+05 -1.11185624011e+00 1.69778235206e-01
3.16227766017e+05 -1.10322634889e+00 2.12851331249e-01
3.98107170553e+05 -1.08968406010e+00 2.66211983484e-01
5.01187233627e+05 -1.06855396822e+00 3.31699484291e-01
6.30957344480e+05 -1.03587632383e+00 4.10884015818e-01
7.94328234724e+05 -9.86028787650e-01 5.04402477192e-01
1.00000000000e+06 -9.11559098035e-01 6.10795531493e-01
1.25892541179e+06 -8.03702989039e-01 7.24791040186e-01
1.58489319246e+06 -6.54316163632e-01 8.35427755297e-01
1.99526231497e+06 -4.59740978839e-01 9.25325248454e-01
2.51188643151e+06 -2.25702676954e-01 9.73201669118e-01
3.16227766017e+06 3.01146449973e-02 9.60637384907e-01
3.98107170553e+06 2.81676331560e-01 8.80063882196e-01
5.01187233627e+06 5.03732511979e-01 7.37811186722e-01
6.30957344480e+06 6.80107265937e-01 5.49405310396e-01
7.94328234724e+06 8.05625954633e-01 3.31245701430e-01
1.00000000000e+07 8.82332241648e-01 9.46260424658e-02
1.25892541179e+07 9.14098872968e-01 -1.55795632728e-01
1.58489319246e+07 9.02471915860e-01 -4.20415807108e-01
1.99526231497e+07 8.44306623053e-01 -7.01758937344e-01
2.51188643151e+07 7.30864239706e-01 -1.00095449089e+00
3.16227766017e+07 5.48436796549e-01 -1.31362772735e+00
3.98107170553e+07 2.81429586380e-01 -1.62546687589e+00
5.01187233627e+07 -8.08429515944e-02 -1.90920710808e+00
6.30957344480e+07 -5.34122674259e-01 -2.12683269052e+00
7.94328234724e+07 -1.05097649607e+00 -2.24052844172e+00
1.00000000000e+08 -1.58294725811e+00 -2.22964821602e+00
1.25892541179e+08 -2.07629134767e+00 -2.10227551377e+00
1.58489319246e+08 -2.49168566342e+00 -1.89132656339e+00
1.99526231497e+08 -2.81397900053e+00 -1.63877116181e+00
2.51188643151e+08 -3.04854245672e+00 -1.38058763815e+00
3.16227766017e+08 -3.21142920924e+00 -1.14013876571e+00
3.98107170553e+08 -3.32089020151e+00 -9.28862868854e-01
5.01187233627e+08 -3.39283607951e+00 -7.49943818735e-01
6.30957344480e+08 -3.43943774778e+00 -6.01938261259e-01
7.94328234724e+08 -3.46933786815e+00 -4.81315057875e-01
1.00000000000e+09 -3.48840537710e+00 -3.83932194355e-01
