1.00000000000e+02 -8.69277106170e-02 4.63680772127e-05
1.25892541179e+02 -8.69276991596e-02 5.83739446142e-05
1.58489319246e+02 -8.69276810010e-02 7.34884301205e-05
1.99526231497e+02 -8.69276522215e-02 9.25164279271e-05
2.51188643151e+02 -8.69276066092e-02 1.16471233792e-04
3.16227766017e+02 -8.69275343186e-02 1.46628499524e-04
3.98107170553e+02 -8.69274197458e-02 1.84594151723e-04
5.01187233627e+02 -8.69272381607e-02 2.32389884544e-04
6.30957344480e+02 -8.69269503690e-02 2.92560765060e-04
7.94328234724e+02 -8.69264942530e-02 3.68310653194e-04
1.00000000000e+03 -8.69257713655e-02 4.63672591147e-04
1.25892541179e+03 -8.69246256855e-02 5.83723123113e-04
1.58489319246e+03 -8.69228099539e-02 7.34851733023e-04
1.99526231497e+03 -8.69199323361e-02 9.25099298921e-04
2.51188643151e+03 -8.69153719273e-02 1.16458269050e-03
3.16227766017e+03 -8.69081449405e-02 1.46602633179e-03
3.98107170553e+03 -8.68966928824e-02 1.84542547004e-03
5.01187233627e+03 -8.68785474749e-02 2.32286936742e-03
6.30957344480e+03 -8.68498011974e-02 2.92355411396e-03
7.94328234724e+03 -8.68042721756e-02 3.67901090068e-03
1.00000000000e+04 -8.67321906963e-02 4.62855946397e-03
1.25892541179e+04 -8.66181426528e-02 5.82095410893e-03
1.58489319246e+04 -8.64378728710e-02 7.31609407736e-03
1.99526231497e+04 -8.61533743341e-02 9.18646974291e-03
2.51188643151e+04 -8.57054881836e-02 1.15176189922e-02
3.16227766017e+04 -8.50031072879e-02 1.44061223071e-02
3.98107170553e+04 -8.39082889467e-02 1.79523624501e-02
5.01187233627e+04 -8.22178088190e-02 2.22432633034e-02
6.30957344480e+04 -7.96452730431e-02 2.73178584971e-02
7.94328234724e+04 -7.58158235119e-02 3.31079072384e-02
1.00000000000e+05 -7.02984599598e-02 3.93528153837e-02
1.25892541179e+05 -6.27119640838e-02 4.55131183240e-02
1.58489319246e+05 -5.29239296817e-02 5.07532675776e-02
1.99526231497e+05 -4.12829916150e-02 5.40960846783e-02
2.51188643151e+05 -2.87071521823e-02 5.47766710113e-02
3.16227766017e+05 -1.64565415805e-02 5.26168321588e-02
3.98107170553e+05 -5.66818458276e-03 4.81219492794e-02
5.01187233627e+05 3.02009125532e-03 4.22120451852e-02
6.30957344480e+05 9.52709822600e-03 3.58214611748e-02
7.94328234724e+05 1.41402685164e-02 2.96375801269e-02
1.00000000000e+06 1.72850048909e-02 2.40443300963e-02
1.25892541179e+06 1.93717598522e-02 1.91859906887e-02
1.58489319246e+06 2.07317216024e-02 1.50581250222e-02
1.99526231497e+06 2.16074608115e-02 1.15801326015e-02
2.51188643151e+06 2.21667604817e-02 8.64062644494e-03
3.16227766017e+06 2.25216367220e-02 6.12142210945e-03
3.98107170553e+06 2.27451576060e-02 3.90802994261e-03
5.01187233627e+06 2.28841474155e-02 1.89258193568e-03
6.30957344480e+06 2.29680365487e-02 -2.71860647017e-05
7.94328234724e+06 2.30147043947e-02 -1.95094224662e-03
1.00000000000e+07 2.30341334424e-02 -3.97981694690e-03
1.25892541179e+07 2.30304819994e-02 -6.22114234694e-03
1.58489319246e+07 2.30029496475e-02 -8.79381692742e-03
1.99526231497e+07 2.29455933611e-02 -1.18344095747e-02
2.51188643151e+07 2.28460445695e-02 -1.55042165985e-02
3.16227766017e+07 2.26828501351e-02 -1.99975409257e-02
3.98107170553e+07 2.24208730479e-02 -2.55514810272e-02
5.01187233627e+07 2.20037885048e-02 -3.24574757508e-02
6.30957344480e+07 2.13421283877e-02 -4.10746894588e-02
7.94328234724e+07 2.02944757816e-02 -5.18449108233e-02
1.00000000000e+08 1.86382040578e-02 -6.53077240377e-02
1.25892541179e+08 1.60245671566e-02 -8.21128134825e-02
1.58489319246e+08 1.19112002313e-02 -1.03022526070e-01
1.99526231497e+08 5.46411638484e-03 -1.28890849441e-01
2.51188643151e+08 -4.57622717563e-03 -1.60592930261e-01
3.16227766017e+08 -2.00578845449e-02 -1.98861052976e-01
3.98107170553e+08 -4.35677964745e-02 -2.43962758734e-01
5.01187233627e+08 -7.84536100732e-02 -2.95155516481e-01
6.30957344480e+08 -1.28484400670e-01 -3.49926859814e-01
7.94328234724e+08 -1.96834859773e-01 -4.03270220794e-01
1.00000000000e+09 -2.84270748473e-01 -4.47663371230e-01
