1.00000000000e+02 -3.09047463562e-01 1.53207653511e-04
1.25892541179e+02 -3.09047422631e-01 1.92876984763e-04
1.58489319246e+02 -3.09047357761e-01 2.42817690534e-04
1.99526231497e+02 -3.09047254948e-01 3.05689267400e-04
2.51188643151e+02 -3.09047092001e-01 3.84839799993e-04
3.16227766017e+02 -3.09046833748e-01 4.84484230868e-04
3.98107170553e+02 -3.09046424445e-01 6.09928765993e-04
5.01187233627e+02 -3.09045775746e-01 7.67853338703e-04
6.30957344480e+02 -3.09044747632e-01 9.66667119291e-04
7.94328234724e+02 -3.09043118194e-01 1.21695589263e-03
1.00000000000e+03 -3.09040535742e-01 1.53204490922e-03
1.25892541179e+03 -3.09036442912e-01 1.92870674647e-03
1.58489319246e+03 -3.09029956418e-01 2.42805100442e-03
1.99526231497e+03 -3.09019676531e-01 3.05664147641e-03
2.51188643151e+03 -3.09003385297e-01 3.84789681940e-03
3.16227766017e+03 -3.08977568669e-01 4.84384239971e-03
3.98107170553e+03 -3.08936660203e-01 6.09729282479e-03
5.01187233627e+03 -3.08871845072e-01 7.67455394385e-03
6.30957344480e+03 -3.08769171264e-01 9.65873361321e-03
7.94328234724e+03 -3.08606572864e-01 1.21537291246e-02
1.00000000000e+04 -3.08349194335e-01 1.52888889686e-02
1.25892541179e+04 -3.07942085119e-01 1.92241740084e-02
1.58489319246e+04 -3.07298882836e-01 2.41552646813e-02
1.99526231497e+04 -3.06284524514e-01 3.03172838646e-02
2.51188643151e+04 -3.04689433174e-01 3.79842915018e-02
3.16227766017e+04 -3.02192446481e-01 4.74589254401e-02
3.98107170553e+04 -2.98311147211e-01 5.90418670617e-02
5.01187233627e+04 -2.92343876933e-01 7.29640264548e-02
6.30957344480e+04 -2.83322477634e-01 8.92577831036e-02
7.94328234724e+04 -2.70024603056e-01 1.07546878442e-01
1.00000000000e+05 -2.51136572498e-01 1.26771005862e-01
1.25892541179e+05 -2.25674614118e-01 1.44962086332e-01
1.58489319246e+05 -1.93665952727e-01 1.59337780644e-01
1.99526231497e+05 -1.56781255343e-01 1.66998005695e-01
2.51188643151e+05 -1.18308943913e-01 1.66122194342e-01
3.16227766017e+05 -8.21342961884e-02 1.56913789620e-01
3.98107170553e+05 -5.12898326688e-02 1.41486531043e-01
5.01187233627e+05 -2.71089913578e-02 1.22796348250e-01
6.30957344480e+05 -9.37069739652e-03 1.03498568659e-01
7.94328234724e+05 3.01725243221e-03 8.53758162723e-02
1.00000000000e+06 1.13744708119e-02 6.93294904943e-02
1.25892541179e+06 1.68815704574e-02 5.56287520550e-02
1.58489319246e+06 2.04544256161e-02 4.41779089324e-02
1.99526231497e+06 2.27487523939e-02 3.47099069870e-02
2.51188643151e+06 2.42119639118e-02 2.69008295756e-02
3.16227766017e+06 2.51403755528e-02 2.04279927370e-02
3.98107170553e+06 2.57264900414e-02 1.49943143030e-02
5.01187233627e+06 2.60936454931e-02 1.03345987110e-02
6.30957344480e+06 2.63198206241e-02 6.21291705411e-03
7.94328234724e+06 2.64533272532e-02 2.41594997049e-03
1.00000000000e+07 2.65227805871e-02 -1.25535727534e-03
1.25892541179e+07 2.65430929283e-02 -4.99484863479e-03
1.58489319246e+07 2.65186206917e-02 -9.00065794424e-03
1.99526231497e+07 2.64440793176e-02 -1.34852617051e-02
2.51188643151e+07 2.63034005921e-02 -1.86863743265e-02
3.16227766017e+07 2.60662839283e-02 -2.48790587772e-02
3.98107170553e+07 2.56817149893e-02 -3.23894269123e-02
5.01187233627e+07 2.50671060857e-02 -4.16101930297e-02
6.30957344480e+07 2.40908514187e-02 -5.30180227506e-02
7.94328234724e+07 2.25448749161e-02 -6.71918751896e-02
1.00000000000e+08 2.01020972801e-02 -8.48299562026e-02
1.25892541179e+08 1.62517412071e-02 -1.06759722897e-01
1.58489319246e+08 1.02036245740e-02 -1.33929301978e-01
1.99526231497e+08 7.53013578724e-04 -1.67357766970e-01
2.51188643151e+08 -1.38947368722e-02 -2.08003965405e-01
3.16227766017e+08 -3.63147566778e-02 -2.56489906469e-01
3.98107170553e+08 -6.99811979029e-02 -3.12597964116e-01
5.01187233627e+08 -1.19111556198e-01 -3.74495047414e-01
6.30957344480e+08 -1.87899439194e-01 -4.37813322217e-01
7.94328234724e+08 -2.78825617109e-01 -4.95121679990e-01
1.00000000000e+09 -3.90290063818e-01 -5.36775253689e-01
