1.00000000000e+02 -6.33949463213e-07 2.55953854532e-11
1.25892541179e+02 -6.33949463067e-07 3.22226811707e-11
1.58489319246e+02 -6.33949462835e-07 4.05659521600e-11
1.99526231497e+02 -6.33949462467e-07 5.10695080238e-11
2.51188643151e+02 -6.33949461885e-07 6.42927014110e-11
3.16227766017e+02 -6.33949460961e-07 8.09397155833e-11
3.98107170553e+02 -6.33949459498e-07 1.01897064739e-10
5.01187233627e+02 -6.33949457178e-07 1.28280804124e-10
6.30957344480e+02 -6.33949453502e-07 1.61495964031e-10
7.94328234724e+02 -6.33949447675e-07 2.03311372769e-10
1.00000000000e+03 -6.33949438441e-07 2.55953853182e-10
1.25892541179e+03 -6.33949423806e-07 3.22226809013e-10
1.58489319246e+03 -6.33949400610e-07 4.05659516224e-10
1.99526231497e+03 -6.33949363847e-07 5.10695069512e-10
2.51188643151e+03 -6.33949305582e-07 6.42926992708e-10
3.16227766017e+03 -6.33949213239e-07 8.09397113130e-10
3.98107170553e+03 -6.33949066884e-07 1.01897056219e-09
5.01187233627e+03 -6.33948834927e-07 1.28280787124e-09
6.30957344480e+03 -6.33948467300e-07 1.61495930111e-09
7.94328234724e+03 -6.33947884651e-07 2.03311305089e-09
1.00000000000e+04 -6.33946961214e-07 2.55953718142e-09
1.25892541179e+04 -6.33945497666e-07 3.22226539573e-09
1.58489319246e+04 -6.33943178100e-07 4.05658978621e-09
1.99526231497e+04 -6.33939501839e-07 5.10693996854e-09
2.51188643151e+04 -6.33933675363e-07 6.42924852477e-09
3.16227766017e+04 -6.33924441038e-07 8.09392842813e-09
3.98107170553e+04 -6.33909805661e-07 1.01896204180e-08
5.01187233627e+04 -6.33886610255e-07 1.28279087088e-08
6.30957344480e+04 -6.33849848276e-07 1.61492538107e-08
7.94328234724e+04 -6.33791585123e-07 2.03304537200e-08
1.00000000000e+05 -6.33699245901e-07 2.55940214578e-08
1.25892541179e+05 -6.33552902244e-07 3.22199596893e-08
1.58489319246e+05 -6.33320973598e-07 4.05605222403e-08
1.99526231497e+05 -6.32953417637e-07 5.10586743826e-08
2.51188643151e+05 -6.32370946425e-07 6.42710869504e-08
3.16227766017e+05 -6.31447956830e-07 8.08965937926e-08
3.98107170553e+05 -6.29985531384e-07 1.01811040403e-07
5.01187233627e+05 -6.27668783793e-07 1.28109210253e-07
6.30957344480e+05 -6.23999597720e-07 1.61153738545e-07
7.94328234724e+05 -6.18190880069e-07 2.02629014745e-07
1.00000000000e+06 -6.09001100310e-07 2.54593858579e-07
1.25892541179e+06 -5.94477374577e-07 3.19517957265e-07
1.58489319246e+06 -5.71561470437e-07 4.00269424679e-07
1.99526231497e+06 -5.35497797434e-07 4.99986827085e-07
2.51188643151e+06 -4.78973886484e-07 6.21706357259e-07
3.16227766017e+06 -3.90945579689e-07 7.67507308589e-07
3.98107170553e+06 -2.55207104542e-07 9.36776774652e-07
5.01187233627e+06 -4.90700350800e-08 1.12301350951e-06
6.30957344480e+06 2.56833096482e-07 1.30857479678e-06
7.94328234724e+06 6.95582226488e-07 1.45741632128e-06
1.00000000000e+07 1.29507167882e-06 1.50798211152e-06
1.25892541179e+07 2.06209827012e-06 1.37204886956e-06
1.58489319246e+07 2.96502406611e-06 9.47211629668e-07
1.99526231497e+07 3.92929241470e-06 1.43666083119e-07
2.51188643151e+07 4.85765686449e-06 -1.09033743146e-06
3.16227766017e+07 5.66639712831e-06 -2.76679172036e-06
3.98107170553e+07 6.31179494523e-06 -4.88382130274e-06
5.01187233627e+07 6.79174692955e-06 -7.45965698803e-06
6.30957344480e+07 7.13025563658e-06 -1.05554864835e-05
7.94328234724e+07 7.36018185018e-06 -1.42842351876e-05
1.00000000000e+08 7.51238188750e-06 -1.88125999640e-05
1.25892541179e+08 7.61140932963e-06 -2.43635240084e-05
1.58489319246e+08 7.67510355590e-06 -3.12226882542e-05
1.99526231497e+08 7.71574274676e-06 -3.97501193461e-05
2.51188643151e+08 7.74149708800e-06 -5.03972121964e-05
3.16227766017e+08 7.75768181851e-06 -6.37295693437e-05
3.98107170553e+08 7.76769225072e-06 -8.04564791538e-05
5.01187233627e+08 7.77364978186e-06 -1.01468352509e-04
6.30957344480e+08 7.77682460847e-06 -1.27883967842e-04
7.94328234724e+08 7.77789573474e-06 -1.61109962238e-04
1.00000000000e+09 7.77709185775e-06 -2.02915695454e-04
