1.00000000000e+02 -3.95875937856e-01 1.85005627202e-04
1.25892541179e+02 -3.95875890374e-01 2.32908259191e-04
1.58489319246e+02 -3.95875815120e-01 2.93214073801e-04
1.99526231497e+02 -3.95875695851e-01 3.69134544229e-04
2.51188643151e+02 -3.95875506821e-01 4.64712649846e-04
3.16227766017e+02 -3.95875207230e-01 5.85038148551e-04
3.98107170553e+02 -3.95874732410e-01 7.36518563003e-04
5.01187233627e+02 -3.95873979874e-01 9.27220281003e-04
6.30957344480e+02 -3.95872787191e-01 1.16729787350e-03
7.94328234724e+02 -3.95870896929e-01 1.46953437059e-03
1.00000000000e+03 -3.95867901100e-01 1.85002102301e-03
1.25892541179e+03 -3.95863153119e-01 2.32901226171e-03
1.58489319246e+03 -3.95855628294e-01 2.93200041333e-03
1.99526231497e+03 -3.95843702801e-01 3.69106546573e-03
2.51188643151e+03 -3.95824803548e-01 4.64656789704e-03
3.16227766017e+03 -3.95794853718e-01 5.84926700903e-03
3.98107170553e+03 -3.95747395144e-01 7.36296220974e-03
5.01187233627e+03 -3.95672200239e-01 9.26776730193e-03
6.30957344480e+03 -3.95553079237e-01 1.16641312571e-02
7.94328234724e+03 -3.95364422930e-01 1.46776986435e-02
1.00000000000e+04 -3.95065768364e-01 1.84650288977e-02
1.25892541179e+04 -3.94593298737e-01 2.32200061597e-02
1.58489319246e+04 -3.93846652204e-01 2.91803541747e-02
1.99526231497e+04 -3.92668710384e-01 3.66328057227e-02
2.51188643151e+04 -3.90815273620e-01 4.59137756346e-02
3.16227766017e+04 -3.87911144135e-01 5.73992257995e-02
3.98107170553e+04 -3.83390373276e-01 7.14719777521e-02
5.01187233627e+04 -3.76424212910e-01 8.84465917332e-02
6.30957344480e+04 -3.65856305391e-01 1.08423138849e-01
7.94328234724e+04 -3.50198462267e-01 1.31041604113e-01
1.00000000000e+05 -3.27792208815e-01 1.55144280862e-01
1.25892541179e+05 -2.97274697656e-01 1.78464485218e-01
1.58489319246e+05 -2.58391864264e-01 1.97644848801e-01
1.99526231497e+05 -2.12853184084e-01 2.08968451300e-01
2.51188643151e+05 -1.64497038725e-01 2.09801385135e-01
3.16227766017e+05 -1.18208761527e-01 1.99923965988e-01
3.98107170553e+05 -7.80969498910e-02 1.81650559692e-01
5.01187233627e+05 -4.62271433777e-02 1.58628354366e-01
6.30957344480e+05 -2.26074202808e-02 1.34336666562e-01
7.94328234724e+05 -5.98941118104e-03 1.11223778175e-01
1.00000000000e+06 5.27905548281e-03 9.05981673848e-02
1.25892541179e+06 1.27301288211e-02 7.29122393796e-02
1.58489319246e+06 1.75751898336e-02 5.81073138169e-02
1.99526231497e+06 2.06912092860e-02 4.58754125458e-02
2.51188643151e+06 2.26806496133e-02 3.58188598089e-02
3.16227766017e+06 2.39442458756e-02 2.75335663176e-02
3.98107170553e+06 2.47431273987e-02 2.06456010366e-02
5.01187233627e+06 2.52450570521e-02 1.48223381399e-02
6.30957344480e+06 2.55565022150e-02 9.77095560261e-03
7.94328234724e+06 2.57439392359e-02 5.23118088421e-03
1.00000000000e+07 2.58475279394e-02 9.65687926615e-04
1.25892541179e+07 2.58895103206e-02 -3.25036497672e-03
1.58489319246e+07 2.58789048703e-02 -7.64016920596e-03
1.99526231497e+07 2.58134138173e-02 -1.24364944529e-02
2.51188643151e+07 2.56789193683e-02 -1.78935874971e-02
3.16227766017e+07 2.54464531754e-02 -2.43001295941e-02
3.98107170553e+07 2.50660001264e-02 -3.19936551953e-02
5.01187233627e+07 2.44558502781e-02 -4.13767303077e-02
6.30957344480e+07 2.34853339366e-02 -5.29348735897e-02
7.94328234724e+07 2.19475478797e-02 -6.72554707338e-02
1.00000000000e+08 1.95170170509e-02 -8.50453757152e-02
1.25892541179e+08 1.56852023665e-02 -1.07141757959e-01
1.58489319246e+08 9.66492872446e-03 -1.34504748081e-01
1.99526231497e+08 2.55060632983e-04 -1.68169611965e-01
2.51188643151e+08 -1.43359761748e-02 -2.09118483616e-01
3.16227766017e+08 -3.66842135250e-02 -2.58007775825e-01
3.98107170553e+08 -7.02769621455e-02 -3.14669452191e-01
5.01187233627e+08 -1.19373328895e-01 -3.77334896355e-01
6.30957344480e+08 -1.88260658055e-01 -4.41700465026e-01
7.94328234724e+08 -2.79582523496e-01 -5.00354799115e-01
1.00000000000e+09 -3.91944530654e-01 -5.43557592102e-01
