1.00000000000e+02 -4.35862875020e-06 2.22907081798e-10
1.25892541179e+02 -4.35862874693e-06 2.80623389652e-10
1.58489319246e+02 -4.35862874175e-06 3.53283916192e-10
1.99526231497e+02 -4.35862873355e-06 4.44758099302e-10
2.51188643151e+02 -4.35862872055e-06 5.59917272576e-10
3.16227766017e+02 -4.35862869994e-06 7.04894081478e-10
3.98107170553e+02 -4.35862866728e-06 8.87409068861e-10
5.01187233627e+02 -4.35862861552e-06 1.11718182159e-09
6.30957344480e+02 -4.35862853348e-06 1.40644857312e-09
7.94328234724e+02 -4.35862840345e-06 1.77061382577e-09
1.00000000000e+03 -4.35862819738e-06 2.22907069323e-09
1.25892541179e+03 -4.35862787077e-06 2.80623364761e-09
1.58489319246e+03 -4.35862735314e-06 3.53283866527e-09
1.99526231497e+03 -4.35862653275e-06 4.44758000209e-09
2.51188643151e+03 -4.35862523251e-06 5.59917074858e-09
3.16227766017e+03 -4.35862317178e-06 7.04893686980e-09
3.98107170553e+03 -4.35861990574e-06 8.87408281734e-09
5.01187233627e+03 -4.35861472942e-06 1.11718025107e-08
6.30957344480e+03 -4.35860652552e-06 1.40644543951e-08
7.94328234724e+03 -4.35859352323e-06 1.77060757341e-08
1.00000000000e+04 -4.35857291605e-06 2.22905821816e-08
1.25892541179e+04 -4.35854025604e-06 2.80620875665e-08
1.58489319246e+04 -4.35848849381e-06 3.53278900152e-08
1.99526231497e+04 -4.35840645720e-06 4.44748091062e-08
2.51188643151e+04 -4.35827644045e-06 5.59897303748e-08
3.16227766017e+04 -4.35807038411e-06 7.04854239177e-08
3.98107170553e+04 -4.35774382268e-06 8.87329575388e-08
5.01187233627e+04 -4.35722629753e-06 1.11702321875e-07
6.30957344480e+04 -4.35640617552e-06 1.40613214251e-07
7.94328234724e+04 -4.35510662102e-06 1.76998253856e-07
1.00000000000e+05 -4.35304759693e-06 2.22781134628e-07
1.25892541179e+05 -4.34978584768e-06 2.80372166799e-07
1.58489319246e+05 -4.34462029855e-06 3.52782897025e-07
1.99526231497e+05 -4.33644342467e-06 4.43759181056e-07
2.51188643151e+05 -4.32350893579e-06 5.57926524465e-07
3.16227766017e+05 -4.30307166843e-06 7.00929443842e-07
3.98107170553e+05 -4.27083687421e-06 8.79521949999e-07
5.01187233627e+05 -4.22013654471e-06 1.10151830123e-06
6.30957344480e+05 -4.14074297940e-06 1.37542492226e-06
7.94328234724e+05 -4.01727041185e-06 1.70942465866e-06
1.00000000000e+06 -3.82728709360e-06 2.10916553102e-06
1.25892541179e+06 -3.53971870152e-06 2.57358517711e-06
1.58489319246e+06 -3.11506437510e-06 3.08807197668e-06
1.99526231497e+06 -2.51031579263e-06 3.61535749545e-06
2.51188643151e+06 -1.69214077413e-06 4.08768683980e-06
3.16227766017e+06 -6.58771075030e-07 4.40866385268e-06
3.98107170553e+06 5.38737650250e-07 4.47435012605e-06
5.01187233627e+06 1.79552572890e-06 4.21143951526e-06
6.30957344480e+06 2.98452651999e-06 3.60892822771e-06
7.94328234724e+06 4.00394807725e-06 2.71603527966e-06
1.00000000000e+07 4.80677627722e-06 1.60758098276e-06
1.25892541179e+07 5.39775379048e-06 3.44880523743e-07
1.58489319246e+07 5.81151073270e-06 -1.04565029576e-06
1.99526231497e+07 6.09112560572e-06 -2.57540526111e-06
2.51188643151e+07 6.27559892819e-06 -4.28794611081e-06
3.16227766017e+07 6.39537867552e-06 -6.25302111745e-06
3.98107170553e+07 6.47234641931e-06 -8.56365593986e-06
5.01187233627e+07 6.52146888587e-06 -1.13367790095e-05
6.30957344480e+07 6.55267649630e-06 -1.47169029647e-05
7.94328234724e+07 6.57243321589e-06 -1.88824127752e-05
1.00000000000e+08 6.58489404507e-06 -2.40543152941e-05
1.25892541179e+08 6.59270478208e-06 -3.05076180391e-05
1.58489319246e+08 6.59753383798e-06 -3.85857737908e-05
1.99526231497e+08 6.60041656566e-06 -4.87188686545e-05
2.51188643151e+08 6.60197241157e-06 -6.14464740766e-05
3.16227766017e+08 6.60253609322e-06 -7.74463549542e-05
3.98107170553e+08 6.60222883837e-06 -9.75705499866e-05
5.01187233627e+08 6.60098414937e-06 -1.22890739258e-04
6.30957344480e+08 6.59853328914e-06 -1.54755311795e-04
7.94328234724e+08 6.59434721018e-06 -1.94861170526e-04
1.00000000000e+09 6.58752233400e-06 -2.45344097675e-04
