1.00000000000e+02 -4.31110779657e-04 1.05401382676e-05
1.25892541179e+02 -4.31108151167e-04 1.32692465069e-05
1.58489319246e+02 -4.31103985292e-04 1.67049888256e-05
1.99526231497e+02 -4.31097382829e-04 2.10303293549e-05
2.51188643151e+02 -4.31086918637e-04 2.64756049069e-05
3.16227766017e+02 -4.31070334028e-04 3.33307895900e-05
3.98107170553e+02 -4.31044049240e-04 4.19609336755e-05
5.01187233627e+02 -4.31002390770e-04 5.28255972481e-05
6.30957344480e+02 -4.30936366830e-04 6.65033102712e-05
7.94328234724e+02 -4.30831726649e-04 8.37223551124e-05
1.00000000000e+03 -4.30665884931e-04 1.05399497749e-04
1.25892541179e+03 -4.30403048022e-04 1.32688704186e-04
1.58489319246e+03 -4.29986490898e-04 1.67042384433e-04
1.99526231497e+03 -4.29326320742e-04 2.10288321852e-04
2.51188643151e+03 -4.28280092876e-04 2.64726177868e-04
3.16227766017e+03 -4.26622112571e-04 3.33248299006e-04
3.98107170553e+03 -4.23994840703e-04 4.19490437925e-04
5.01187233627e+03 -4.19832024947e-04 5.28018777977e-04
6.30957344480e+03 -4.13237242358e-04 6.64559963427e-04
7.94328234724e+03 -4.02792333410e-04 8.36279912220e-04
1.00000000000e+04 -3.86256121640e-04 1.05211342784e-03
1.25892541179e+04 -3.60092742421e-04 1.32313682646e-03
1.58489319246e+04 -3.18738610512e-04 1.66295370035e-03
1.99526231497e+04 -2.53476639112e-04 2.08801774270e-03
2.51188643151e+04 -1.50740592681e-04 2.61772507457e-03
3.16227766017e+04 1.03568861825e-05 3.27393691316e-03
3.98107170553e+04 2.61428106683e-04 4.07929425215e-03
5.01187233627e+04 6.49015930164e-04 5.05322576564e-03
6.30957344480e+04 1.23864159734e-03 6.20401347949e-03
7.94328234724e+04 2.11591195051e-03 7.51515323616e-03
1.00000000000e+05 3.37893342519e-03 8.92590117704e-03
1.25892541179e+05 5.11383469928e-03 1.03116806094e-02
1.58489319246e+05 7.34914868447e-03 1.14806524358e-02
1.99526231497e+05 1.00031627375e-02 1.22097073454e-02
2.51188643151e+05 1.28649034477e-02 1.23255398865e-02
3.16227766017e+05 1.56472344000e-02 1.17891724669e-02
3.98107170553e+05 1.80930545320e-02 1.07162874947e-02
5.01187233627e+05 2.00597634860e-02 9.31475598300e-03
6.30957344480e+05 2.15309423967e-02 7.79359340102e-03
7.94328234724e+05 2.25729909833e-02 6.30427069635e-03
1.00000000000e+06 2.32828348172e-02 4.92840796945e-03
1.25892541179e+06 2.37535483985e-02 3.69232813019e-03
1.58489319246e+06 2.40600326410e-02 2.58741972055e-03
1.99526231497e+06 2.42570327828e-02 1.58614463807e-03
2.51188643151e+06 2.43823181128e-02 6.51773129670e-04
3.16227766017e+06 2.44609835550e-02 -2.56835772081e-04
3.98107170553e+06 2.45092191673e-02 -1.18364939384e-03
5.01187233627e+06 2.45371184859e-02 -2.17577363529e-03
6.30957344480e+06 2.45505760501e-02 -3.28489770404e-03
7.94328234724e+06 2.45524458006e-02 -4.56949542281e-03
1.00000000000e+07 2.45431113404e-02 -6.09765119755e-03
1.25892541179e+07 2.45205506855e-02 -7.95052610382e-03
1.58489319246e+07 2.44798933596e-02 -1.02265719586e-02
1.99526231497e+07 2.44123684271e-02 -1.30466649830e-02
2.51188643151e+07 2.43034158031e-02 -1.65603785349e-02
3.16227766017e+07 2.41295572761e-02 -2.09536476773e-02
3.98107170553e+07 2.38533643996e-02 -2.64580852122e-02
5.01187233627e+07 2.34154694040e-02 -3.33621569089e-02
6.30957344480e+07 2.27219759230e-02 -4.20242431364e-02
7.94328234724e+07 2.16247550560e-02 -5.28871640565e-02
1.00000000000e+08 1.98908782876e-02 -6.64927519882e-02
1.25892541179e+08 1.71558366905e-02 -8.34930050818e-02
1.58489319246e+08 1.28535027981e-02 -1.04650345489e-01
1.99526231497e+08 6.11508257589e-03 -1.30812089033e-01
2.51188643151e+08 -4.36741845740e-03 -1.62831590168e-01
3.16227766017e+08 -2.05034600779e-02 -2.01389894413e-01
3.98107170553e+08 -4.49438124578e-02 -2.46652543528e-01
5.01187233627e+08 -8.10703738470e-02 -2.97700716536e-01
6.30957344480e+08 -1.32590886482e-01 -3.51765868124e-01
7.94328234724e+08 -2.02430414149e-01 -4.03561922765e-01
1.00000000000e+09 -2.90864109670e-01 -4.45426421743e-01
