1.00000000000e+02 -4.11515679555e-06 2.11448325277e-10
1.25892541179e+02 -4.11515679245e-06 2.66197669885e-10
1.58489319246e+02 -4.11515678753e-06 3.35123011004e-10
1.99526231497e+02 -4.11515677973e-06 4.21894874283e-10
2.51188643151e+02 -4.11515676737e-06 5.31134177646e-10
3.16227766017e+02 -4.11515674778e-06 6.68658311926e-10
3.98107170553e+02 -4.11515671674e-06 8.41790937928e-10
5.01187233627e+02 -4.11515666754e-06 1.05975199766e-09
6.30957344480e+02 -4.11515658957e-06 1.33414870906e-09
7.94328234724e+02 -4.11515646598e-06 1.67959369099e-09
1.00000000000e+03 -4.11515627011e-06 2.11448313529e-09
1.25892541179e+03 -4.11515595968e-06 2.66197646444e-09
1.58489319246e+03 -4.11515546769e-06 3.35122964233e-09
1.99526231497e+03 -4.11515468792e-06 4.21894780962e-09
2.51188643151e+03 -4.11515345208e-06 5.31133991447e-09
3.16227766017e+03 -4.11515149340e-06 6.68657940410e-09
3.98107170553e+03 -4.11514838911e-06 8.41790196657e-09
5.01187233627e+03 -4.11514346913e-06 1.05975051863e-08
6.30957344480e+03 -4.11513567151e-06 1.33414575801e-08
7.94328234724e+03 -4.11512331314e-06 1.67958780288e-08
1.00000000000e+04 -4.11510372651e-06 2.11447138699e-08
1.25892541179e+04 -4.11507268392e-06 2.66195302357e-08
1.58489319246e+04 -4.11502348512e-06 3.35118287187e-08
1.99526231497e+04 -4.11494551120e-06 4.21885449096e-08
2.51188643151e+04 -4.11482193321e-06 5.31115372145e-08
3.16227766017e+04 -4.11462608120e-06 6.68620790712e-08
3.98107170553e+04 -4.11431569148e-06 8.41716075452e-08
5.01187233627e+04 -4.11382379409e-06 1.05960263431e-07
6.30957344480e+04 -4.11304428265e-06 1.33385071187e-07
7.94328234724e+04 -4.11180907476e-06 1.67899917764e-07
1.00000000000e+05 -4.10985199097e-06 2.11329714396e-07
1.25892541179e+05 -4.10675170025e-06 2.65961079211e-07
1.58489319246e+05 -4.10184177986e-06 3.34651169043e-07
1.99526231497e+05 -4.09406938383e-06 4.20954115911e-07
2.51188643151e+05 -4.08177428025e-06 5.29259296120e-07
3.16227766017e+05 -4.06234619825e-06 6.64924298919e-07
3.98107170553e+05 -4.03170045404e-06 8.34362216511e-07
5.01187233627e+05 -3.98349278262e-06 1.04499758910e-06
6.30957344480e+05 -3.90798617405e-06 1.30492180075e-06
7.94328234724e+05 -3.79051881952e-06 1.62193642815e-06
1.00000000000e+06 -3.60968092527e-06 2.00146318350e-06
1.25892541179e+06 -3.33573712409e-06 2.44258181202e-06
1.58489319246e+06 -2.93072063577e-06 2.93150321727e-06
1.99526231497e+06 -2.35294456627e-06 3.43278438628e-06
2.51188643151e+06 -1.56939713429e-06 3.88155083771e-06
3.16227766017e+06 -5.76686631577e-07 4.18467889923e-06
3.98107170553e+06 5.78021645589e-07 4.24035403864e-06
5.01187233627e+06 1.79490430381e-06 3.97463640110e-06
6.30957344480e+06 2.95090801360e-06 3.37291911886e-06
7.94328234724e+06 3.94574213863e-06 2.47937791462e-06
1.00000000000e+07 4.73162580919e-06 1.36418187107e-06
1.25892541179e+07 5.31149762829e-06 8.51483937508e-08
1.58489319246e+07 5.71817148238e-06 -1.33393486835e-06
1.99526231497e+07 5.99332316500e-06 -2.90685338166e-06
2.51188643151e+07 6.17499496539e-06 -4.67987119304e-06
3.16227766017e+07 6.29301653178e-06 -6.72613960148e-06
3.98107170553e+07 6.36887969054e-06 -9.14309067833e-06
5.01187233627e+07 6.41730729039e-06 -1.20533525503e-05
6.30957344480e+07 6.44807722003e-06 -1.56087588068e-05
7.94328234724e+07 6.46755785895e-06 -1.99970373509e-05
1.00000000000e+08 6.47984414701e-06 -2.54510624108e-05
1.25892541179e+08 6.48754401460e-06 -3.22608675828e-05
1.58489319246e+08 6.49230186301e-06 -4.07888917017e-05
1.99526231497e+08 6.49513764329e-06 -5.14891785006e-05
2.51188643151e+08 6.49666065552e-06 -6.49315047120e-05
3.16227766017e+08 6.49719852498e-06 -8.18316968450e-05
3.98107170553e+08 6.49686690580e-06 -1.03089738518e-04
5.01187233627e+08 6.49559404046e-06 -1.29837691316e-04
6.30957344480e+08 6.49310510969e-06 -1.63499977896e-04
7.94328234724e+08 6.48886284832e-06 -2.05869236024e-04
1.00000000000e+09 6.48195155079e-06 -2.59201782205e-04
