1.00000000000e+02 -1.51312578486e-05 4.33462418105e-10
1.25892541179e+02 -1.51312578456e-05 5.45696853180e-10
1.58489319246e+02 -1.51312578409e-05 6.86991635545e-10
1.99526231497e+02 -1.51312578334e-05 8.64871227557e-10
2.51188643151e+02 -1.51312578216e-05 1.08880836606e-09
3.16227766017e+02 -1.51312578029e-05 1.37072852013e-09
3.98107170553e+02 -1.51312577732e-05 1.72564496571e-09
5.01187233627e+02 -1.51312577261e-05 2.17245829716e-09
6.30957344480e+02 -1.51312576515e-05 2.73496295256e-09
7.94328234724e+02 -1.51312575333e-05 3.44311435372e-09
1.00000000000e+03 -1.51312573459e-05 4.33462414050e-09
1.25892541179e+03 -1.51312570489e-05 5.45696845088e-09
1.58489319246e+03 -1.51312565783e-05 6.86991619399e-09
1.99526231497e+03 -1.51312558323e-05 8.64871195343e-09
2.51188643151e+03 -1.51312546500e-05 1.08880830179e-08
3.16227766017e+03 -1.51312527762e-05 1.37072839189e-08
3.98107170553e+03 -1.51312498065e-05 1.72564470983e-08
5.01187233627e+03 -1.51312450997e-05 2.17245778661e-08
6.30957344480e+03 -1.51312376401e-05 2.73496193387e-08
7.94328234724e+03 -1.51312258173e-05 3.44311232117e-08
1.00000000000e+04 -1.51312070794e-05 4.33462008501e-08
1.25892541179e+04 -1.51311773820e-05 5.45696035914e-08
1.58489319246e+04 -1.51311303147e-05 6.86990004884e-08
1.99526231497e+04 -1.51310557182e-05 8.64867973965e-08
2.51188643151e+04 -1.51309374911e-05 1.08880187430e-07
3.16227766017e+04 -1.51307501144e-05 1.37071556740e-07
3.98107170553e+04 -1.51304531443e-05 1.72561912171e-07
5.01187233627e+04 -1.51299824830e-05 2.17240673191e-07
6.30957344480e+04 -1.51292365466e-05 2.73486006734e-07
7.94328234724e+04 -1.51280543465e-05 3.44290907382e-07
1.00000000000e+05 -1.51261807589e-05 4.33421456309e-07
1.25892541179e+05 -1.51232115070e-05 5.45615126763e-07
1.58489319246e+05 -1.51185060230e-05 6.86828579743e-07
1.99526231497e+05 -1.51110494964e-05 8.64545919565e-07
2.51188643151e+05 -1.50992346182e-05 1.08815938962e-06
3.16227766017e+05 -1.50805166296e-05 1.36943395275e-06
3.98107170553e+05 -1.50508690188e-05 1.72306294658e-06
5.01187233627e+05 -1.50039268888e-05 2.16730959523e-06
6.30957344480e+05 -1.49296443672e-05 2.72469974056e-06
7.94328234724e+05 -1.48122043415e-05 3.42266746424e-06
1.00000000000e+06 -1.46267989565e-05 4.29392460007e-06
1.25892541179e+06 -1.43347572013e-05 5.37606820273e-06
1.58489319246e+06 -1.38763839744e-05 6.70945729962e-06
1.99526231497e+06 -1.31609561153e-05 8.33153877557e-06
2.51188643151e+06 -1.20540029730e-05 1.02644527615e-05
3.16227766017e+06 -1.03641346027e-05 1.24910416820e-05
3.98107170553e+06 -7.83662471867e-06 1.49134748539e-05
5.01187233627e+06 -4.16961413771e-06 1.72921737243e-05
6.30957344480e+06 9.22281639393e-07 1.91775048826e-05
7.94328234724e+06 7.57825627827e-06 1.98774896834e-05
1.00000000000e+07 1.56238498622e-05 1.85331155099e-05
1.25892541179e+07 2.44780005995e-05 1.43386701634e-05
1.58489319246e+07 3.32699637645e-05 6.80913612115e-06
1.99526231497e+07 4.11526256106e-05 -4.11711734027e-06
2.51188643151e+07 4.75986253148e-05 -1.82465526077e-05
3.16227766017e+07 5.24846198875e-05 -3.54368910825e-05
3.98107170553e+07 5.59793025020e-05 -5.58372902437e-05
5.01187233627e+07 5.83763641713e-05 -7.99881767525e-05
6.30957344480e+07 5.99736503742e-05 -1.08831253060e-04
7.94328234724e+07 6.10174955178e-05 -1.43702128496e-04
1.00000000000e+08 6.16908758340e-05 -1.86347258618e-04
1.25892541179e+08 6.21214264805e-05 -2.38978744358e-04
1.58489319246e+08 6.23948022188e-05 -3.04368705700e-04
1.99526231497e+08 6.25670540441e-05 -3.85983625190e-04
2.51188643151e+08 6.26741700976e-05 -4.88161765627e-04
3.16227766017e+08 6.27387928247e-05 -6.16340421304e-04
3.98107170553e+08 6.27746795569e-05 -7.77343523225e-04
5.01187233627e+08 6.27894999722e-05 -9.79744042152e-04
6.30957344480e+08 6.27864225507e-05 -1.23432002529e-03
7.94328234724e+08 6.27647708655e-05 -1.55462831136e-03
1.00000000000e+09 6.27198665426e-05 -1.95772635300e-03
