1.00000000000e+02 -4.32171023282e-06 2.13612893736e-10
1.25892541179e+02 -4.32171022980e-06 2.68922700128e-10
1.58489319246e+02 -4.32171022501e-06 3.38553620836e-10
1.99526231497e+02 -4.32171021743e-06 4.26213756197e-10
2.51188643151e+02 -4.32171020541e-06 5.36571327878e-10
3.16227766017e+02 -4.32171018635e-06 6.75503278599e-10
3.98107170553e+02 -4.32171015616e-06 8.50408240572e-10
5.01187233627e+02 -4.32171010830e-06 1.07060053925e-09
6.30957344480e+02 -4.32171003245e-06 1.34780621437e-09
7.94328234724e+02 -4.32170991224e-06 1.69678747274e-09
1.00000000000e+03 -4.32170972171e-06 2.13612882654e-09
1.25892541179e+03 -4.32170941975e-06 2.68922678017e-09
1.58489319246e+03 -4.32170894117e-06 3.38553576718e-09
1.99526231497e+03 -4.32170818267e-06 4.26213668170e-09
2.51188643151e+03 -4.32170698053e-06 5.36571152241e-09
3.16227766017e+03 -4.32170507527e-06 6.75502928157e-09
3.98107170553e+03 -4.32170205564e-06 8.50407541349e-09
5.01187233627e+03 -4.32169726985e-06 1.07059914412e-08
6.30957344480e+03 -4.32168968490e-06 1.34780343072e-08
7.94328234724e+03 -4.32167766358e-06 1.69678191863e-08
1.00000000000e+04 -4.32165861112e-06 2.13611774465e-08
1.25892541179e+04 -4.32162841515e-06 2.68920466895e-08
1.58489319246e+04 -4.32158055809e-06 3.38549164968e-08
1.99526231497e+04 -4.32150471063e-06 4.26204865634e-08
2.51188643151e+04 -4.32138450264e-06 5.36553589068e-08
3.16227766017e+04 -4.32119399122e-06 6.75467885635e-08
3.98107170553e+04 -4.32089206450e-06 8.50337624266e-08
5.01187233627e+04 -4.32041357690e-06 1.07045964734e-07
6.30957344480e+04 -4.31965531058e-06 1.34752511746e-07
7.94328234724e+04 -4.31845375394e-06 1.69622667205e-07
1.00000000000e+05 -4.31654995361e-06 2.13501007611e-07
1.25892541179e+05 -4.31353398556e-06 2.68699519300e-07
1.58489319246e+05 -4.30875739177e-06 3.38108510371e-07
1.99526231497e+05 -4.30119551278e-06 4.25326256325e-07
2.51188643151e+05 -4.28923207608e-06 5.34802465532e-07
3.16227766017e+05 -4.27032470705e-06 6.71980028749e-07
3.98107170553e+05 -4.24049193941e-06 8.43397619722e-07
5.01187233627e+05 -4.19354232839e-06 1.05667275945e-06
6.30957344480e+05 -4.11995502832e-06 1.32020505366e-06
7.94328234724e+05 -4.00534925990e-06 1.64230140161e-06
1.00000000000e+06 -3.82862021217e-06 2.02921625048e-06
1.25892541179e+06 -3.56021378363e-06 2.48136700642e-06
1.58489319246e+06 -3.16186046816e-06 2.98696606046e-06
1.99526231497e+06 -2.59042110440e-06 3.51315340534e-06
2.51188643151e+06 -1.80945503172e-06 3.99745909748e-06
3.16227766017e+06 -8.09942165417e-07 4.34718595430e-06
3.98107170553e+06 3.67082871705e-07 4.45679445475e-06
5.01187233627e+06 1.62457621141e-06 4.24427453123e-06
6.30957344480e+06 2.83574021046e-06 3.68628780605e-06
7.94328234724e+06 3.89123474755e-06 2.82290665297e-06
1.00000000000e+07 4.73381474723e-06 1.72693006740e-06
1.25892541179e+07 5.36055700697e-06 4.63301824789e-07
1.58489319246e+07 5.80268034066e-06 -9.36053478326e-07
1.99526231497e+07 6.10303174955e-06 -2.47780249839e-06
2.51188643151e+07 6.30188245699e-06 -4.20239556761e-06
3.16227766017e+07 6.43129578927e-06 -6.17787166880e-06
3.98107170553e+07 6.51457877741e-06 -8.49645522658e-06
5.01187233627e+07 6.56778396829e-06 -1.12747564592e-05
6.30957344480e+07 6.60160810473e-06 -1.46571709932e-05
7.94328234724e+07 6.62303299124e-06 -1.88220019469e-05
1.00000000000e+08 6.63655471182e-06 -2.39901155917e-05
1.25892541179e+08 6.64504042058e-06 -3.04362646042e-05
1.58489319246e+08 6.65030116110e-06 -3.85034939709e-05
1.99526231497e+08 6.65346424227e-06 -4.86212944054e-05
2.51188643151e+08 6.65520913667e-06 -6.13284160692e-05
3.16227766017e+08 6.65591117336e-06 -7.73015296092e-05
3.98107170553e+08 6.65572136650e-06 -9.73912465529e-05
5.01187233627e+08 6.65459853873e-06 -1.22667410042e-04
6.30957344480e+08 6.65230024447e-06 -1.54476064143e-04
7.94328234724e+08 6.64833036280e-06 -1.94511133713e-04
1.00000000000e+09 6.64183197954e-06 -2.44904631101e-04
