1.00000000000e+02 -1.27065773903e+00 1.64505521012e-04
1.25892541179e+02 -1.27065772915e+00 2.07100179521e-04
1.58489319246e+02 -1.27065771350e+00 2.60723676267e-04
1.99526231497e+02 -1.27065768869e+00 3.28231656485e-04
2.51188643151e+02 -1.27065764937e+00 4.13219163278e-04
3.16227766017e+02 -1.27065758705e+00 5.20212085287e-04
3.98107170553e+02 -1.27065748828e+00 6.54908173777e-04
5.01187233627e+02 -1.27065733175e+00 8.24480462723e-04
6.30957344480e+02 -1.27065708366e+00 1.03795924715e-03
7.94328234724e+02 -1.27065669046e+00 1.30671295561e-03
1.00000000000e+03 -1.27065606729e+00 1.64505351315e-03
1.25892541179e+03 -1.27065507962e+00 2.07099840931e-03
1.58489319246e+03 -1.27065351428e+00 2.60723000692e-03
1.99526231497e+03 -1.27065103339e+00 3.28230308537e-03
2.51188643151e+03 -1.27064710145e+00 4.13216473776e-03
3.16227766017e+03 -1.27064086979e+00 5.20206719045e-03
3.98107170553e+03 -1.27063099337e+00 6.54897466781e-03
5.01187233627e+03 -1.27061534055e+00 8.24459099663e-03
6.30957344480e+03 -1.27059053311e+00 1.03791662290e-02
7.94328234724e+03 -1.27055121751e+00 1.30662791109e-02
1.00000000000e+04 -1.27048891034e+00 1.64488383356e-02
1.25892541179e+04 -1.27039016984e+00 2.07065987461e-02
1.58489319246e+04 -1.27023370106e+00 2.60655460653e-02
1.99526231497e+04 -1.26998577596e+00 3.28095569037e-02
2.51188643151e+04 -1.26959299482e+00 4.12947698227e-02
3.16227766017e+04 -1.26897086431e+00 5.19670647056e-02
3.98107170553e+04 -1.26798582148e+00 6.53828512495e-02
5.01187233627e+04 -1.26642705950e+00 8.22328307590e-02
6.30957344480e+04 -1.26396266274e+00 1.03367160723e-01
7.94328234724e+04 -1.26007204166e+00 1.29817838257e-01
1.00000000000e+05 -1.25394367350e+00 1.62808889474e-01
1.25892541179e+05 -1.24432479731e+00 2.03735026703e-01
1.58489319246e+05 -1.22931139724e+00 2.54071823601e-01
1.99526231497e+05 -1.20608108573e+00 3.15152451453e-01
2.51188643151e+05 -1.17061625050e+00 3.87710572385e-01
3.16227766017e+05 -1.11756851040e+00 4.71070201066e-01
3.98107170553e+05 -1.04059727571e+00 5.61936526743e-01
5.01187233627e+05 -9.33702886393e-01 6.53052198152e-01
6.30957344480e+05 -7.93948715852e-01 7.32630603463e-01
7.94328234724e+05 -6.24980634940e-01 7.86075922010e-01
1.00000000000e+06 -4.38989663525e-01 8.00789237548e-01
1.25892541179e+06 -2.54270522724e-01 7.72021637045e-01
1.58489319246e+06 -8.86463066083e-02 7.05338424431e-01
1.99526231497e+06 4.67597309525e-02 6.13465231225e-01
2.51188643151e+06 1.49305134761e-01 5.10312369146e-01
3.16227766017e+06 2.22476760138e-01 4.06501655408e-01
3.98107170553e+06 2.72370456694e-01 3.07993316770e-01
5.01187233627e+06 3.05132383191e-01 2.16795141162e-01
6.30957344480e+06 3.25761479372e-01 1.32280381572e-01
7.94328234724e+06 3.37820192380e-01 5.22998830569e-02
1.00000000000e+07 3.43541864350e-01 -2.61164275578e-02
1.25892541179e+07 3.44017213025e-01 -1.06400594749e-01
1.58489319246e+07 3.39309153150e-01 -1.92302371673e-01
1.99526231497e+07 3.28432667666e-01 -2.87844672371e-01
2.51188643151e+07 3.09169731949e-01 -3.97278134940e-01
3.16227766017e+07 2.77702535024e-01 -5.24923421513e-01
3.98107170553e+07 2.28075102465e-01 -6.74745451020e-01
5.01187233627e+07 1.51578813803e-01 -8.49431553200e-01
6.30957344480e+07 3.63672124839e-02 -1.04869211896e+00
7.94328234724e+07 -1.32002987997e-01 -1.26661891724e+00
1.00000000000e+08 -3.67943700934e-01 -1.48853887601e+00
1.25892541179e+08 -6.80044948966e-01 -1.68918748244e+00
1.58489319246e+08 -1.06293075536e+00 -1.83559088531e+00
1.99526231497e+08 -1.49155494147e+00 -1.89715740722e+00
2.51188643151e+08 -1.92488407746e+00 -1.85957322478e+00
3.16227766017e+08 -2.32010256592e+00 -1.73256181417e+00
3.98107170553e+08 -2.64811531317e+00 -1.54462872123e+00
5.01187233627e+08 -2.89969655590e+00 -1.32954131841e+00
6.30957344480e+08 -3.08122573839e+00 -1.11489676792e+00
7.94328234724e+08 -3.20651633354e+00 -9.17833054408e-01
1.00000000000e+09 -3.29036212630e+00 -7.46198114709e-01
