1.00000000000e+02 -4.31031517769e-04 1.03685173468e-05
1.25892541179e+02 -4.31031357258e-04 1.30531899659e-05
1.58489319246e+02 -4.31031102866e-04 1.64329925438e-05
1.99526231497e+02 -4.31030699681e-04 2.06879118866e-05
2.51188643151e+02 -4.31030060676e-04 2.60445379541e-05
3.16227766017e+02 -4.31029047922e-04 3.27881305951e-05
3.98107170553e+02 -4.31027442815e-04 4.12778106643e-05
5.01187233627e+02 -4.31024898892e-04 5.19656844949e-05
6.30957344480e+02 -4.31020867045e-04 6.54209201662e-05
7.94328234724e+02 -4.31014476999e-04 8.23600576914e-05
1.00000000000e+03 -4.31004349458e-04 1.03685167213e-04
1.25892541179e+03 -4.30988298388e-04 1.30531887177e-04
1.58489319246e+03 -4.30962859160e-04 1.64329900534e-04
1.99526231497e+03 -4.30922540705e-04 2.06879069177e-04
2.51188643151e+03 -4.30858640272e-04 2.60445280397e-04
3.16227766017e+03 -4.30757364944e-04 3.27881108133e-04
3.98107170553e+03 -4.30596854446e-04 4.12777711943e-04
5.01187233627e+03 -4.30342462654e-04 5.19656057421e-04
6.30957344480e+03 -4.29939279344e-04 6.54207630338e-04
7.94328234724e+03 -4.29300278138e-04 8.23597441716e-04
1.00000000000e+04 -4.28287532690e-04 1.03684541660e-03
1.25892541179e+04 -4.26682447391e-04 1.30530639039e-03
1.58489319246e+04 -4.24138578894e-04 1.64327410182e-03
1.99526231497e+04 -4.20106869938e-04 2.06874100310e-03
2.51188643151e+04 -4.13717169727e-04 2.60435366326e-03
3.16227766017e+04 -4.03590498539e-04 3.27861327347e-03
3.98107170553e+04 -3.87541613022e-04 4.12738245309e-03
5.01187233627e+04 -3.62107869788e-04 5.19577314992e-03
6.30957344480e+04 -3.21803191990e-04 6.54050530742e-03
7.94328234724e+04 -2.57937361627e-04 8.23284025398e-03
1.00000000000e+05 -1.56748928939e-04 1.03622019081e-02
1.25892541179e+05 3.54338010064e-06 1.30405928649e-02
1.58489319246e+05 2.57387438299e-04 1.64078702067e-02
1.99526231497e+05 6.59196218092e-04 2.06378247144e-02
2.51188643151e+05 1.29474998103e-03 2.59447223510e-02
3.16227766017e+05 2.29885656398e-03 3.25893551202e-02
3.98107170553e+05 3.88232403693e-03 4.08824060897e-02
5.01187233627e+05 6.37221468570e-03 5.11805282974e-02
6.30957344480e+05 1.02696082057e-02 6.38661330414e-02
7.94328234724e+05 1.63268730338e-02 7.92944632496e-02
1.00000000000e+06 2.56375470543e-02 9.76808185253e-02
1.25892541179e+06 3.97086271549e-02 1.18890435678e-01
1.58489319246e+06 6.04380794780e-02 1.42098593517e-01
1.99526231497e+06 8.98539161637e-02 1.65345742527e-01
2.51188643151e+06 1.29444264546e-01 1.85171087285e-01
3.16227766017e+06 1.79074446236e-01 1.96741621663e-01
3.98107170553e+06 2.35973293211e-01 1.94925698027e-01
5.01187233627e+06 2.94742722812e-01 1.76151063717e-01
6.30957344480e+06 3.48914623139e-01 1.39865133843e-01
7.94328234724e+06 3.93156345652e-01 8.83364988582e-02
1.00000000000e+07 4.24491365316e-01 2.49717086910e-02
1.25892541179e+07 4.41912649560e-01 -4.74477106926e-02
1.58489319246e+07 4.45089923437e-01 -1.27551702599e-01
1.99526231497e+07 4.33090315696e-01 -2.15131179756e-01
2.51188643151e+07 4.03551605034e-01 -3.10226577509e-01
3.16227766017e+07 3.52436025953e-01 -4.11821918677e-01
3.98107170553e+07 2.74567272848e-01 -5.16296118153e-01
5.01187233627e+07 1.65339675479e-01 -6.16032125584e-01
6.30957344480e+07 2.37601291223e-02 -6.99222683851e-01
7.94328234724e+07 -1.44195704376e-01 -7.52296878834e-01
1.00000000000e+08 -3.24561488132e-01 -7.65156002042e-01
1.25892541179e+08 -4.98989949428e-01 -7.36382977097e-01
1.58489319246e+08 -6.51500945134e-01 -6.74193323435e-01
1.99526231497e+08 -7.73563407823e-01 -5.92261868225e-01
2.51188643151e+08 -8.64534638305e-01 -5.04029210955e-01
3.16227766017e+08 -9.28797870524e-01 -4.19204575396e-01
3.98107170553e+08 -9.72496299166e-01 -3.43161525089e-01
5.01187233627e+08 -1.00144612251e+00 -2.77937388361e-01
6.30957344480e+08 -1.02029531036e+00 -2.23542721243e-01
7.94328234724e+08 -1.03242975742e+00 -1.78982337333e-01
1.00000000000e+09 -1.04018462162e+00 -1.42889554334e-01
