# PARAM X1 = 1.000000e+03
# PARAM X2 = 1.000000e+03
# PARAM X3 = 3.055200e-05
# PARAM X4 = 3.715800e-05
# PARAM X5 = 5.000000e-05
# PARAM X6 = 9.578300e-01
# PARAM X7 = 1.117500e+00
# TEMPERATURE = 2.500000e+01
# FREQ VR(VOUT1,VOUT2) VI(VOUT1,VOUT2)
1.00000000000e+02 -1.25971066770e-04 1.44452666713e-12
1.25892541179e+02 -1.25971066770e-04 1.81855132927e-12
1.58489319246e+02 -1.25971066770e-04 2.28942048106e-12
1.99526231497e+02 -1.25971066770e-04 2.88220962189e-12
2.51188643151e+02 -1.25971066770e-04 3.62848693512e-12
3.16227766017e+02 -1.25971066770e-04 4.56799440898e-12
3.98107170553e+02 -1.25971066770e-04 5.75076424240e-12
5.01187233627e+02 -1.25971066770e-04 7.23978324200e-12
6.30957344480e+02 -1.25971066770e-04 9.11434709924e-12
7.94328234724e+02 -1.25971066770e-04 1.14742831751e-11
1.00000000000e+03 -1.25971066770e-04 1.44452666713e-11
1.25892541179e+03 -1.25971066770e-04 1.81855132927e-11
1.58489319246e+03 -1.25971066770e-04 2.28942048106e-11
1.99526231497e+03 -1.25971066770e-04 2.88220962189e-11
2.51188643151e+03 -1.25971066770e-04 3.62848693512e-11
3.16227766017e+03 -1.25971066770e-04 4.56799440898e-11
3.98107170553e+03 -1.25971066770e-04 5.75076424240e-11
5.01187233627e+03 -1.25971066770e-04 7.23978324200e-11
6.30957344480e+03 -1.25971066770e-04 9.11434709924e-11
7.94328234724e+03 -1.25971066770e-04 1.14742831751e-10
1.00000000000e+04 -1.25971066770e-04 1.44452666713e-10
1.25892541179e+04 -1.25971066770e-04 1.81855132927e-10
1.58489319246e+04 -1.25971066770e-04 2.28942048106e-10
1.99526231497e+04 -1.25971066770e-04 2.88220962189e-10
2.51188643151e+04 -1.25971066770e-04 3.62848693512e-10
3.16227766017e+04 -1.25971066770e-04 4.56799440899e-10
3.98107170553e+04 -1.25971066770e-04 5.75076424241e-10
5.01187233627e+04 -1.25971066770e-04 7.23978324201e-10
6.30957344480e+04 -1.25971066770e-04 9.11434709925e-10
7.94328234724e+04 -1.25971066769e-04 1.14742831752e-09
1.00000000000e+05 -1.25971066769e-04 1.44452666714e-09
1.25892541179e+05 -1.25971066768e-04 1.81855132928e-09
1.58489319246e+05 -1.25971066767e-04 2.28942048109e-09
1.99526231497e+05 -1.25971066766e-04 2.88220962195e-09
2.51188643151e+05 -1.25971066764e-04 3.62848693523e-09
3.16227766017e+05 -1.25971066760e-04 4.56799440921e-09
3.98107170553e+05 -1.25971066754e-04 5.75076424285e-09
5.01187233627e+05 -1.25971066744e-04 7.23978324289e-09
6.30957344480e+05 -1.25971066729e-04 9.11434710101e-09
7.94328234724e+05 -1.25971066705e-04 1.14742831787e-08
1.00000000000e+06 -1.25971066667e-04 1.44452666784e-08
1.25892541179e+06 -1.25971066607e-04 1.81855133067e-08
1.58489319246e+06 -1.25971066512e-04 2.28942048387e-08
1.99526231497e+06 -1.25971066361e-04 2.88220962749e-08
2.51188643151e+06 -1.25971066123e-04 3.62848694629e-08
3.16227766017e+06 -1.25971065744e-04 4.56799443127e-08
3.98107170553e+06 -1.25971065144e-04 5.75076428687e-08
5.01187233627e+06 -1.25971064192e-04 7.23978333072e-08
6.30957344480e+06 -1.25971062685e-04 9.11434727626e-08
7.94328234724e+06 -1.25971060295e-04 1.14742835284e-07
1.00000000000e+07 -1.25971056508e-04 1.44452673761e-07
1.25892541179e+07 -1.25971050506e-04 1.81855146988e-07
1.58489319246e+07 -1.25971040993e-04 2.28942076163e-07
1.99526231497e+07 -1.25971025917e-04 2.88221018169e-07
2.51188643151e+07 -1.25971002022e-04 3.62848805206e-07
3.16227766017e+07 -1.25970964150e-04 4.56799663757e-07
3.98107170553e+07 -1.25970904128e-04 5.75076868900e-07
5.01187233627e+07 -1.25970808998e-04 7.23979211404e-07
6.30957344480e+07 -1.25970658225e-04 9.11436480105e-07
7.94328234724e+07 -1.25970419258e-04 1.14743184941e-06
1.00000000000e+08 -1.25970040504e-04 1.44453371396e-06
1.25892541179e+08 -1.25969440176e-04 1.81856538878e-06
1.58489319246e+08 -1.25968488611e-04 2.28944853111e-06
1.99526231497e+08 -1.25966980208e-04 2.88226558154e-06
2.51188643151e+08 -1.25964588864e-04 3.62859856544e-06
3.16227766017e+08 -1.25960797113e-04 4.56821706536e-06
3.98107170553e+08 -1.25954783262e-04 5.75120826197e-06
5.01187233627e+08 -1.25945241085e-04 7.24066842464e-06
6.30957344480e+08 -1.25930090514e-04 9.11611089365e-06
7.94328234724e+08 -1.25906010271e-04 1.14777949084e-05
1.00000000000e+09 -1.25867675175e-04 1.44522498749e-05
