8.81919880000e+03 -2.09390993820e-04
1.00000000000e+03 -1.13999722423e-05
2.30884150000e+03 -2.06080619538e-04
1.00000000000e+03 -2.41933636560e-05
1.00000000000e+03 -2.56952113265e-05
1.00000000000e+04 -7.23497645770e-05
1.00000000000e+03 -1.39692654296e-08
3.36399900000e+03 -2.71953329461e-04
1.00000000000e+04 -2.99602098484e-04
5.77948430000e+03 -1.38643473426e-04
1.00000000000e+03 -2.56705296190e-05
1.00283030000e+03 -2.88040968485e-04
1.00000000000e+03 -5.33531103919e-04
1.00000000000e+03 -2.64708394462e-05
2.03314270000e+03 -5.02398849839e-04
4.23261450000e+03 -2.22009426842e-09
4.64953860000e+03 -4.82948523536e-04
1.00000000000e+03 -1.25023136481e-04
1.00000000000e+03 -1.08096934204e-04
1.00000000000e+03 -2.11236531831e-05
3.42246360000e+03 -2.34843634336e-04
1.26877210000e+03 -7.77223861848e-05
1.00000000000e+03 -1.73443580821e-04
1.00000000000e+03 -2.69499142088e-05
