# PARAM X1 = 1.000000e+03
# PARAM X2 = 4.378600e-03
# PARAM X3 = 5.000000e-03
# PARAM X4 = 1.443500e+00
# PARAM X5 = 1.246000e+00
# TEMPERATURE = 2.500000e+01
# FREQ VR(VOUT1,VOUT2) VI(VOUT1,VOUT2)
1.00000000000e+02 -3.31368159477e-07 8.20920855407e-13
1.25892541179e+02 -3.31368159477e-07 1.03347812594e-12
1.58489319246e+02 -3.31368159477e-07 1.30107187528e-12
1.99526231497e+02 -3.31368159477e-07 1.63795244636e-12
2.51188643151e+02 -3.31368159477e-07 2.06205995804e-12
3.16227766017e+02 -3.31368159477e-07 2.59597968182e-12
3.98107170553e+02 -3.31368159477e-07 3.26814478994e-12
5.01187233627e+02 -3.31368159477e-07 4.11435052548e-12
6.30957344480e+02 -3.31368159477e-07 5.17966042956e-12
7.94328234724e+02 -3.31368159477e-07 6.52080613923e-12
1.00000000000e+03 -3.31368159477e-07 8.20920855407e-12
1.25892541179e+03 -3.31368159477e-07 1.03347812594e-11
1.58489319246e+03 -3.31368159477e-07 1.30107187528e-11
1.99526231497e+03 -3.31368159477e-07 1.63795244636e-11
2.51188643151e+03 -3.31368159477e-07 2.06205995804e-11
3.16227766017e+03 -3.31368159477e-07 2.59597968182e-11
3.98107170553e+03 -3.31368159476e-07 3.26814478994e-11
5.01187233627e+03 -3.31368159476e-07 4.11435052548e-11
6.30957344480e+03 -3.31368159475e-07 5.17966042956e-11
7.94328234724e+03 -3.31368159473e-07 6.52080613923e-11
1.00000000000e+04 -3.31368159470e-07 8.20920855407e-11
1.25892541179e+04 -3.31368159466e-07 1.03347812594e-10
1.58489319246e+04 -3.31368159460e-07 1.30107187528e-10
1.99526231497e+04 -3.31368159450e-07 1.63795244636e-10
2.51188643151e+04 -3.31368159433e-07 2.06205995804e-10
3.16227766017e+04 -3.31368159407e-07 2.59597968182e-10
3.98107170553e+04 -3.31368159367e-07 3.26814478994e-10
5.01187233627e+04 -3.31368159302e-07 4.11435052548e-10
6.30957344480e+04 -3.31368159199e-07 5.17966042956e-10
7.94328234724e+04 -3.31368159036e-07 6.52080613923e-10
1.00000000000e+05 -3.31368158778e-07 8.20920855406e-10
1.25892541179e+05 -3.31368158368e-07 1.03347812594e-09
1.58489319246e+05 -3.31368157720e-07 1.30107187528e-09
1.99526231497e+05 -3.31368156691e-07 1.63795244636e-09
2.51188643151e+05 -3.31368155062e-07 2.06205995803e-09
3.16227766017e+05 -3.31368152479e-07 2.59597968180e-09
3.98107170553e+05 -3.31368148386e-07 3.26814478991e-09
5.01187233627e+05 -3.31368141899e-07 4.11435052541e-09
6.30957344480e+05 -3.31368131617e-07 5.17966042941e-09
7.94328234724e+05 -3.31368115321e-07 6.52080613894e-09
1.00000000000e+06 -3.31368089495e-07 8.20920855347e-09
1.25892541179e+06 -3.31368048563e-07 1.03347812582e-08
1.58489319246e+06 -3.31367983689e-07 1.30107187505e-08
1.99526231497e+06 -3.31367880872e-07 1.63795244589e-08
2.51188643151e+06 -3.31367717918e-07 2.06205995709e-08
3.16227766017e+06 -3.31367459653e-07 2.59597967993e-08
3.98107170553e+06 -3.31367050330e-07 3.26814478618e-08
5.01187233627e+06 -3.31366401597e-07 4.11435051797e-08
6.30957344480e+06 -3.31365373424e-07 5.17966041457e-08
7.94328234724e+06 -3.31363743881e-07 6.52080610933e-08
1.00000000000e+07 -3.31361161229e-07 8.20920849441e-08
1.25892541179e+07 -3.31357068000e-07 1.03347811404e-07
1.58489319246e+07 -3.31350580671e-07 1.30107185153e-07
1.99526231497e+07 -3.31340298947e-07 1.63795239898e-07
2.51188643151e+07 -3.31324003514e-07 2.06205986349e-07
3.16227766017e+07 -3.31298176993e-07 2.59597949316e-07
3.98107170553e+07 -3.31257244719e-07 3.26814441352e-07
5.01187233627e+07 -3.31192371444e-07 4.11434977442e-07
6.30957344480e+07 -3.31089554249e-07 5.17965893099e-07
7.94328234724e+07 -3.30926600023e-07 6.52080314919e-07
1.00000000000e+08 -3.30668335091e-07 8.20920258815e-07
1.25892541179e+08 -3.30259013044e-07 1.03347693559e-06
1.58489319246e+08 -3.29610282029e-07 1.30106950021e-06
1.99526231497e+08 -3.28582114451e-07 1.63794770748e-06
2.51188643151e+08 -3.26952583154e-07 2.06205050274e-06
3.16227766017e+08 -3.24369961390e-07 2.59596081606e-06
3.98107170553e+08 -3.20276810114e-07 3.26810714796e-06
5.01187233627e+08 -3.13789673798e-07 4.11427542036e-06
6.30957344480e+08 -3.03508434646e-07 5.17951057674e-06
7.94328234724e+08 -2.87214218401e-07 6.52050714861e-06
1.00000000000e+09 -2.61390755527e-07 8.20861200534e-06
