# PARAM X1 = 7.556763e+04
# PARAM X2 = 1.852500e-03
# PARAM X3 = 3.097900e-03
# PARAM X4 = 1.677500e+00
# PARAM X5 = 1.782300e-01
# TEMPERATURE = 2.500000e+01
# FREQ VR(VOUT1,VOUT2) VI(VOUT1,VOUT2)
1.00000000000e+02 -3.69084483006e-03 3.16676354002e-07
1.25892541179e+02 -3.69084481755e-03 3.98671908303e-07
1.58489319246e+02 -3.69084479772e-03 5.01898194207e-07
1.99526231497e+02 -3.69084476629e-03 6.31852386585e-07
2.51188643151e+02 -3.69084471647e-03 7.95455017521e-07
3.16227766017e+02 -3.69084463752e-03 1.00141851863e-06
3.98107170553e+02 -3.69084451240e-03 1.26071118729e-06
5.01187233627e+02 -3.69084431408e-03 1.58714128347e-06
6.30957344480e+02 -3.69084399978e-03 1.99809235990e-06
7.94328234724e+02 -3.69084350164e-03 2.51544897968e-06
1.00000000000e+03 -3.69084271214e-03 3.16676210925e-06
1.25892541179e+03 -3.69084146087e-03 3.98671622827e-06
1.58489319246e+03 -3.69083947774e-03 5.01897624608e-06
1.99526231497e+03 -3.69083633469e-03 6.31851250085e-06
2.51188643151e+03 -3.69083135331e-03 7.95452749910e-06
3.16227766017e+03 -3.69082345838e-03 1.00141399416e-05
3.98107170553e+03 -3.69081094581e-03 1.26070215981e-05
5.01187233627e+03 -3.69079111485e-03 1.58712327135e-05
6.30957344480e+03 -3.69075968525e-03 1.99805642123e-05
7.94328234724e+03 -3.69070987355e-03 2.51537727338e-05
1.00000000000e+04 -3.69063092949e-03 3.16661903880e-05
1.25892541179e+04 -3.69050581704e-03 3.98643077289e-05
1.58489319246e+04 -3.69030754084e-03 5.01840671206e-05
1.99526231497e+04 -3.68999332861e-03 6.31737620802e-05
2.51188643151e+04 -3.68949542208e-03 7.95226054009e-05
3.16227766017e+04 -3.68870651006e-03 1.00096175328e-04
3.98107170553e+04 -3.68745671271e-03 1.25980006372e-04
5.01187233627e+04 -3.68547728255e-03 1.58532412122e-04
6.30957344480e+04 -3.68234352161e-03 1.99446907139e-04
7.94328234724e+04 -3.67738542855e-03 2.50822722980e-04
1.00000000000e+05 -3.66954886761e-03 3.15237698426e-04
1.25892541179e+05 -3.65718243815e-03 3.95809020217e-04
1.58489319246e+05 -3.63771666858e-03 4.96209873374e-04
1.99526231497e+05 -3.60719685538e-03 6.20577435674e-04
2.51188643151e+05 -3.55964108670e-03 7.73190903845e-04
3.16227766017e+05 -3.48625025111e-03 9.57711289555e-04
3.98107170553e+05 -3.37465589419e-03 1.17567460574e-03
5.01187233627e+05 -3.20873908193e-03 1.42391074794e-03
6.30957344480e+05 -2.97011340941e-03 1.69088436330e-03
7.94328234724e+05 -2.64280996466e-03 1.95306266876e-03
1.00000000000e+06 -2.22190897706e-03 2.17441921208e-03
1.25892541179e+06 -1.72334804852e-03 2.31341994034e-03
1.58489319246e+06 -1.18719466394e-03 2.33837461649e-03
1.99526231497e+06 -6.67334591079e-04 2.24311678955e-03
2.51188643151e+06 -2.11496362577e-04 2.05039894081e-03
3.16227766017e+06 1.54274514554e-04 1.79990782764e-03
3.98107170553e+06 4.27441179870e-04 1.53128823602e-03
5.01187233627e+06 6.20705338633e-04 1.27342650596e-03
6.30957344480e+06 7.52264724606e-04 1.04238334396e-03
7.94328234724e+06 8.39485156075e-04 8.44248462180e-04
1.00000000000e+07 8.96301568789e-04 6.79020744108e-04
1.25892541179e+07 9.32889414348e-04 5.43667417066e-04
1.58489319246e+07 9.56276615909e-04 4.34034711925e-04
1.99526231497e+07 9.71155064665e-04 3.45869846111e-04
2.51188643151e+07 9.80591850474e-04 2.75290299213e-04
3.16227766017e+07 9.86565741984e-04 2.18950496430e-04
3.98107170553e+07 9.90342880581e-04 1.74059005376e-04
5.01187233627e+07 9.92729234315e-04 1.38330463998e-04
6.30957344480e+07 9.94236173994e-04 1.09915147093e-04
7.94328234724e+07 9.95187487704e-04 8.73264329416e-05
1.00000000000e+08 9.95787924881e-04 6.93747394045e-05
1.25892541179e+08 9.96166854307e-04 5.51107698095e-05
1.58489319246e+08 9.96405974141e-04 4.37782738432e-05
1.99526231497e+08 9.96556861110e-04 3.47754383989e-05
2.51188643151e+08 9.96652069351e-04 2.76236736625e-05
3.16227766017e+08 9.96712143679e-04 2.19425451460e-05
3.98107170553e+08 9.96750048810e-04 1.74297240925e-05
5.01187233627e+08 9.96773965646e-04 1.38449926091e-05
6.30957344480e+08 9.96789056275e-04 1.09975039426e-05
7.94328234724e+08 9.96798577869e-04 8.73564563702e-06
1.00000000000e+09 9.96804585608e-04 6.93897887110e-06
