1.00000000000e+05 -9.95260170722e-11
1.00000000000e+03 -9.78523452734e-06
1.00000000000e+05 -2.85101214012e-07
1.00000000000e+03 -7.08517945212e-06
1.00000000000e+05 -4.79304552097e-08
1.00000000000e+03 -2.21007479013e-06
9.60951990000e+03 -1.36785590713e-04
1.00000000000e+05 -1.10326144442e-10
1.00000000000e+05 -1.51014463891e-08
1.00000000000e+03 -1.12875480340e-09
1.00000000000e+05 -6.96089840650e-07
1.00000000000e+05 -2.47952890188e-07
1.68525310000e+03 -3.05871137341e-04
1.00000000000e+05 -1.09531197012e-09
1.00000000000e+03 -6.27893409505e-06
1.00000000000e+03 -9.66285074172e-06
1.00000000000e+05 -1.49853193298e-06
1.00000000000e+05 -9.64118118931e-06
1.00000000000e+03 -1.07770938484e-04
1.19062289000e+04 -6.45061685729e-05
4.71471727000e+04 -2.36944896629e-05
1.00000000000e+03 -4.24014770459e-08
5.64288882000e+04 -6.26649625008e-05
1.00000000000e+05 -8.24060104304e-07
