+ 2.1065e-06 2.047e-05 2.3692e-05 1.9033e-06 9.9134e-06 558616666.077 499493710.1239 234732132.5795 28626552.2515 280180469.9834 
+ 1.6707e-05 1.2573e-05 1.2626e-06 1.596e-05 2.413e-05 308012389.5887 541687276.1344 681403276.6733 852668839.8315 566990966.222 
+ 9.7459e-06 4.3383e-06 1.4275e-05 2.2704e-05 5.5151e-06 75596338.5306 80249981.1089 822349648.431 572688835.8391 53651795.7615 
+ 2.264e-05 1.5302e-05 1.1958e-05 8.5692e-06 1.4771e-05 822298884.8638 882714686.7356 253457543.9565 310656359.0976 856012726.199 
+ 4.5494e-06 7.6622e-06 9.3951e-06 2.6038e-05 2.1823e-05 743992664.4617 238591889.441 476075145.1509 652567168.5325 655506044.9323 
+ 1.7394e-05 2.5381e-05 2.0182e-05 1.1939e-05 1.2664e-05 498751385.1284 782814864.3264 920030226.7185 476840305.7862 442635050.7339 
+ 1.0676e-05 1.7096e-05 5.3952e-06 5.2471e-06 1.6981e-05 133507118.8254 336941316.908 591597172.0932 198258030.7165 928875565.5354 
+ 2.526e-05 2.5445e-06 2.2904e-05 1.932e-05 2.8619e-06 890470733.4213 637498649.9297 19866934.7718 936975081.4994 231772444.2798 
+ 1.7844e-06 1.0411e-06 4.1747e-06 1.1173e-05 1.5883e-05 616855783.4166 146405406.0956 722470633.75 501355592.186 721036571.0887 
+ 1.3895e-05 2.0282e-05 2.1644e-05 2.5115e-05 5.0071e-06 360140123.7087 812622468.563 166332454.6061 364323114.8535 429846044.646 
+ 7.5621e-06 2.513e-05 7.274e-06 1.8449e-05 2.6572e-05 6615331.963 305408567.988 337420695.0216 84342633.9676 947512495.0823 
+ 2.1275e-05 9.5839e-06 1.81e-05 4.4279e-06 7.2913e-06 751616285.1676 731896651.8588 765718788.464 783384922.1385 140862729.7827 
+ 6.1084e-06 1.5161e-05 1.5547e-05 1.5089e-05 1.0756e-06 674279176.6428 405034626.2386 988353608.8858 125036392.6987 347214488.3794 
+ 1.9805e-05 6.1618e-06 1.3165e-05 1.085e-06 2.0258e-05 426848022.4503 573281098.6283 435114601.4621 988753442.891 556590427.6771 
+ 1.3294e-05 1.1168e-05 2.5761e-05 7.8026e-06 1.1321e-05 190525473.6643 50381422.5071 76513051.6671 710171644.5985 73837040.2408 
+ 2.5356e-05 2.3545e-05 3.3964e-06 2.1781e-05 2.2098e-05 941865985.8089 974962132.8275 507588246.5255 409444782.4426 767475266.7815 
+ 3.3079e-06 1.2808e-05 1.8722e-05 1.9908e-05 1.8219e-05 317880518.9841 916550062.999 294895233.5173 104950451.292 801842543.4654 
+ 1.5503e-05 2.1912e-05 9.6053e-06 6.3226e-06 2.2798e-06 565322402.0922 124295464.5572 848042926.5668 780313073.28 108798276.7313 
+ 9.2814e-06 1.6794e-05 2.2697e-05 1.304e-05 2.0895e-05 801686674.1955 507668792.3761 648142279.7058 558863044.0631 528327587.4619 
+ 2.3105e-05 4.5224e-06 6.8583e-06 2.6599e-05 1.3361e-05 50341631.8865 455143052.8191 216975293.6361 320514047.7358 319820623.817 
+ 4.0757e-06 2.6823e-05 1.0586e-06 9.7071e-06 6.3091e-06 375355947.2173 657860524.5431 56780406.5826 728587977.9471 176564915.1119 
+ 1.787e-05 7.897e-06 2.5158e-05 2.323e-05 1.3746e-05 632068030.4505 363698582.356 613010376.9374 404665796.9513 983106736.8624 
+ 1.1875e-05 2.728e-06 1.0501e-05 1.6564e-05 9.4283e-06 985543946.4381 762636097.3389 875424333.2889 184739143.2491 403177989.327 
+ 2.4061e-05 1.8588e-05 1.4488e-05 2.9622e-06 2.5271e-05 240554675.839 212139797.5147 447217554.2202 946647697.7092 693986271.6611 
