# TEMPERATURE = 2.500000e+01
# TIME V(VIN) V(VOUT)
0.00000000000e+00 0.00000000000e+00 1.79999972068e+00
5.00000000000e-12 0.00000000000e+00 1.79999972068e+00
1.50000000000e-11 0.00000000000e+00 1.79999972068e+00
3.50000000000e-11 0.00000000000e+00 1.79999972068e+00
7.50000000000e-11 0.00000000000e+00 1.79999972068e+00
1.55000000000e-10 0.00000000000e+00 1.79999972068e+00
3.15000000000e-10 0.00000000000e+00 1.79999972068e+00
6.35000000000e-10 0.00000000000e+00 1.79999972068e+00
1.27500000000e-09 0.00000000000e+00 1.79999972068e+00
2.55500000000e-09 0.00000000000e+00 1.79999972068e+00
5.11500000000e-09 0.00000000000e+00 1.79999972067e+00
1.02350000000e-08 0.00000000000e+00 1.79999972066e+00
2.04750000000e-08 0.00000000000e+00 1.79999972064e+00
4.09550000000e-08 0.00000000000e+00 1.79999972060e+00
8.19150000000e-08 0.00000000000e+00 1.79999972052e+00
1.63835000000e-07 0.00000000000e+00 1.79999972036e+00
3.27675000000e-07 0.00000000000e+00 1.79999972004e+00
4.90000000000e-07 0.00000000000e+00 1.79999971972e+00
4.92216638687e-07 1.99497481846e-01 1.80054429496e+00
4.94303878542e-07 3.87349068766e-01 1.79298129477e+00
4.95663121560e-07 5.09680940406e-01 1.72294726642e+00
4.96492570971e-07 5.84331387384e-01 1.57896270907e+00
4.97588906112e-07 6.83001550050e-01 8.42534027429e-01
4.98212852572e-07 7.39156731517e-01 1.60142116565e-01
4.98724285018e-07 7.85185651653e-01 4.50019550435e-02
4.99047019897e-07 8.14231790737e-01 6.64931249905e-02
4.99692489655e-07 8.72324068905e-01 2.80372034804e-02
5.00643768439e-07 9.57939159514e-01 2.80060365472e-02
5.02546326008e-07 1.12916934073e+00 1.76618614537e-03
5.06351441146e-07 1.47162970317e+00 3.74582696492e-03
5.10000000000e-07 1.80000000000e+00 -3.17263050180e-03
5.12294128265e-07 1.80000000000e+00 -1.29482355808e-05
5.14417537746e-07 1.80000000000e+00 -4.64741336172e-08
5.18664356709e-07 1.80000000000e+00 6.73589607202e-08
5.27157994634e-07 1.80000000000e+00 -4.57191882728e-08
5.44145270485e-07 1.80000000000e+00 6.69854550656e-08
5.78119822188e-07 1.80000000000e+00 -4.55320125799e-08
6.46068925592e-07 1.80000000000e+00 6.68919967777e-08
7.81967132401e-07 1.80000000000e+00 -4.54853157853e-08
1.00000000000e-06 1.80000000000e+00 6.68667384398e-08
