
.option compat
.lib model

.global 0 
*      R1    w1    wbias Vbias, VcommonMode
.param X1=1, X2=1, X3=1, X4=1, X5=1, X6=1, X7=1, X8=1, X9=1, X10=1

* drain gate source bulk
* drain gate source bulk
m5 n1 vinCM ACgnd 0 CMOSN w='X1' l='X2'
m6 n2 vinCM ACgnd 0 CMOSN w='X1' l='X2'

m7 vout1 biasCascode n1 0 CMOSN w='X3' l='X4'
m8 vout2 biasCascode n2 0 CMOSN w='X3' l='X4'

m9 ACgnd bias gnd 0 CMOSN w='X5' l=0.18u

R1 vdd vout1 'X6'
R2 vdd vout2 'X6'

R3 vdd vinCM 100Meg
R4 vinCM vss 100Meg

R3 vdd bias 'X9'
R4 bias vss 'X10'

R7 vdd biasCascode 'X7'
R8 biasCascode vss 'X8'

C1 vout 0 5f

* vdd and vbias
V0 vdd 0 dc 1.8

.dc data=list

.data list X1 X2 X3 X4 X5 X6 X7 X8 X9 X10
+ 2.7e-07 2.5622e-05 9.423e-06 2.7e-05 1.5167e-05 1 920588810.9673 1 101610739.8163 85843650.5053 
+ 2.7e-07 2.565e-05 6.9308e-06 2.7e-05 1.2342e-05 384594.6069 884163114.4383 1000000000 70480325.1017 1 
+ 2.7e-07 2.5718e-05 8.2899e-06 2.7e-05 1.2972e-05 3329860.8882 1 736828252.3114 103157568.1473 104923981.559 
+ 2.7e-07 2.5451e-05 8.2478e-06 2.7e-05 1.4131e-05 4939453.0428 598503726.8642 1 126241495.744 1 
+ 2.7e-07 2.7e-05 8.1514e-06 2.7e-05 1.2849e-05 1 1 890655991.1419 103171024.0966 103400296.533 
+ 1.9147e-06 2.4948e-05 7.7554e-06 2.6291e-05 1.4402e-05 1 1 830999285.7752 34373546.1145 459903535.9095 
+ 2.7e-07 2.5451e-05 8.1244e-06 2.7e-05 1.4914e-05 1 708498217.0673 671329029.2921 21119416.4618 1 
+ 2.7e-07 2.7e-05 7.1669e-06 2.7e-05 1.1202e-05 331398.3358 492634550.8888 750505707.3022 103416466.8975 103234655.5463 
+ 2.7e-07 2.7e-05 2.7e-07 2.7e-05 6.0931e-06 1000000000 1 904783044.4471 125606224.2548 86586133.1744 
+ 2.7e-07 2.5867e-05 9.423e-06 2.7e-05 1.2743e-05 3365166.1408 920588810.9673 1 276549263.8602 85843650.5053 
+ 2.7e-07 2.7e-05 8.0425e-06 2.7e-05 1.3791e-05 133504.499 682656247.3926 1 123294437.3745 7507701.6111 
+ 2.7e-07 2.5604e-05 7.3476e-06 2.7e-05 1.4108e-05 4606156.6402 608262735.7768 1 233953045.8918 14944162.3817 
+ 2.7e-07 2.5604e-05 7.3476e-06 2.7e-05 1.4108e-05 4606156.6402 608262735.7768 1 233953045.8918 14944162.3817 
+ 2.7e-07 2.5615e-05 7.0456e-06 2.7e-05 1.5205e-05 262174.7561 833682663.6759 1 246465866.9008 6838647.6177 
+ 2.7e-07 2.5618e-05 7.2604e-06 2.7e-05 1.2613e-05 396893.2271 791855557.1863 1 247884002.7546 6096164.9486 
+ 2.7e-07 2.5433e-05 8.2687e-06 2.7e-05 1.2457e-05 242601.212 677254837.432 663605890.6536 142116865.3774 1 
+ 2.7e-07 2.7e-05 8.1971e-06 2.7e-05 1.2861e-05 597185.8451 617705228.4851 750505707.3022 246711406.1518 102263587.828 
+ 2.7e-07 2.5451e-05 8.1244e-06 2.7e-05 5.9671e-06 1000000000 598349832.8062 1 21119416.4618 16584284.0934 
+ 2.7e-07 2.7e-05 5.4517e-06 2.7e-05 1.4776e-05 1 885777505.45 1000000000 37041123.0138 55530960.3078 
+ 2.7e-07 2.5593e-05 7.1119e-06 2.7e-05 1.2876e-05 11191219.3544 878761704.4778 973023992.4086 262208286.0681 1 
+ 2.7e-07 2.5619e-05 7.3572e-06 2.7e-05 1.2449e-05 1 812004869.336 1 232424123.3761 5125097.2303 
+ 2.7e-07 2.7e-05 2.7e-07 2.7e-05 1.3254e-05 1 688348904.9176 1 19590493.9461 1 
+ 2.7e-07 2.5929e-05 1.0134e-05 2.6226e-05 1.2741e-05 1 721932208.436 581565522.9076 292141204.9405 332146357.963 
+ 2.7e-07 2.5867e-05 9.423e-06 2.7e-05 1.2743e-05 3365166.1408 1 971174899.2388 101610739.8163 85843650.5053 
+ 4.4383e-06 2.1815e-05 7.9728e-06 2.7e-05 2.7e-05 199405633.6565 396182270.8802 632688992.0145 1 133948838.2886 
+ 2.7e-07 2.5577e-05 8.7525e-06 2.7e-05 1.2712e-05 10729252.6948 1 1 104571254.1351 6497564.1441 
+ 2.7e-07 2.7e-05 8.2067e-06 2.7e-05 2.6886e-05 1059152.5047 492634550.8888 750505707.3022 262171285.5303 103234655.5463 
+ 2.7e-07 2.5619e-05 7.2509e-06 2.7e-05 1.2449e-05 5068123.2998 588113423.6271 1 232424123.3761 15915230.1 
+ 2.7e-07 2.7e-05 8.1966e-06 2.7e-05 1.1588e-05 766919.355 1 896952775.9978 117742080.9524 76310456.6597 
+ 2.7e-07 2.5577e-05 8.7525e-06 2.7e-05 1.4247e-05 10729252.6948 1 1 246748406.6896 6497564.1441 
+ 2.7e-07 2.7e-05 8.1545e-06 2.7e-05 1.402e-05 490497.7029 705905785.6722 688817934.2968 124841265.7055 113487016.4824 
+ 2.7e-07 2.5615e-05 9.433e-06 2.7e-05 1.5205e-05 410216.365 833682663.6759 1 246465866.9008 6838647.6177 
+ 2.7e-07 2.5867e-05 7.1472e-06 2.7e-05 1.5167e-05 3365166.1408 1 971174899.2388 101610739.8163 1 
+ 2.7e-07 2.4991e-05 4.6444e-06 2.602e-05 1.4404e-05 109865187.1868 346804465.2707 1 422325042.4194 30594185.8204 
+ 2.7e-07 2.7e-05 4.0909e-06 2.6601e-05 2.2738e-06 932528988.7461 755184112.5787 696046951.4398 316774802.5195 1 
+ 2.7e-07 2.5495e-05 2.7e-07 2.7e-05 5.8749e-06 1000000000 684212365.2129 671329029.2921 284800998.3898 1 
+ 2.7e-07 2.5871e-05 7.3525e-06 2.7e-05 1.4234e-05 2889876.3434 1 1 246749737.4311 8021249.1701 
+ 2.7e-07 2.565e-05 6.9308e-06 2.7e-05 1.5207e-05 384594.6069 884163114.4383 1 279627941.9543 1 
+ 2.7e-07 2.5466e-05 7.1618e-06 2.7e-05 1.4047e-05 268222.9701 686792787.0972 771185935.5634 260065182.6515 6765218.9419 
+ 2.7e-07 2.7e-05 8.1638e-06 2.7e-05 1.2636e-05 1632462.7341 716384591.9552 696963812.3225 138999856.004 1 
+ 2.7e-07 2.7e-05 2.7e-07 2.7e-05 4.7197e-06 1 717940709.7756 684113852.5105 125993815.482 1 
+ 2.7e-07 2.7e-05 8.1638e-06 2.7e-05 1.2636e-05 1632462.7341 716384591.9552 674238389.151 138999856.004 1 
+ 2.7e-07 2.5451e-05 8.2478e-06 2.7e-05 1.3883e-05 1235990.9659 706942099.2469 771185935.5634 126241495.744 16584284.0934 
+ 2.7e-07 2.556e-05 8.7734e-06 2.7e-05 1.2877e-05 1 1 865443947.4988 86222744.269 101993053.0616 
+ 2.7e-07 2.7e-05 7.9128e-06 2.7e-05 1.324e-05 1000000000 898536063.3221 563748984.3823 94475809.5401 1 
.enddata

.printfile dc i(v0) file=dcResult
