2.70000000000e-07 -4.33376900233e-06
2.70000000000e-07 -4.18767852182e-06
2.70000000000e-07 -9.94265473682e-07
2.70000000000e-07 -6.89459145173e-07
2.70000000000e-07 -4.10157685371e-06
1.91470000000e-06 -2.55352892435e-05
2.70000000000e-07 -4.34081462375e-06
2.70000000000e-07 -4.07108611095e-06
2.70000000000e-07 -3.59800455701e-09
2.70000000000e-07 -9.84578694550e-07
2.70000000000e-07 -4.09951058995e-06
2.70000000000e-07 -7.35898383591e-07
2.70000000000e-07 -7.35898383592e-07
2.70000000000e-07 -4.28954428415e-06
2.70000000000e-07 -4.17412991123e-06
2.70000000000e-07 -4.34478934019e-06
2.70000000000e-07 -3.54952971474e-06
2.70000000000e-07 -3.59902530905e-09
2.70000000000e-07 -4.03683637273e-06
2.70000000000e-07 -3.13868734506e-07
2.70000000000e-07 -4.29778349575e-06
2.70000000000e-07 -2.13533717686e-06
2.70000000000e-07 -4.29650050693e-06
2.70000000000e-07 -9.84578694549e-07
4.43830000000e-06 -1.80515320503e-08
2.70000000000e-07 -3.27100729808e-07
2.70000000000e-07 -2.54822583570e-06
2.70000000000e-07 -6.72508624938e-07
2.70000000000e-07 -3.12846204530e-06
2.70000000000e-07 -3.27101082062e-07
2.70000000000e-07 -3.82130422089e-06
2.70000000000e-07 -4.17469304778e-06
2.70000000000e-07 -9.83818475622e-07
2.70000000000e-07 -3.26862607780e-08
2.70000000000e-07 -3.85924474262e-09
2.70000000000e-07 -3.59806010294e-09
2.70000000000e-07 -1.12968607988e-06
2.70000000000e-07 -4.18793840378e-06
2.70000000000e-07 -4.31574362014e-06
2.70000000000e-07 -1.83616338942e-06
2.70000000000e-07 -2.13465234555e-06
2.70000000000e-07 -1.83616338942e-06
2.70000000000e-07 -2.31272818918e-06
2.70000000000e-07 -4.33394542387e-06
2.70000000000e-07 -3.59896764180e-09
