2.56990000000e-05 -9.44501813899e-04
2.70000000000e-05 -1.85000552168e-03
2.70000000000e-07 -7.50336495159e-11
2.70000000000e-05 -2.24763080519e-04
2.70000000000e-05 -4.29692873849e-05
1.70690000000e-05 -2.21846217108e-05
1.62170000000e-05 -9.32448032590e-04
5.01210000000e-06 -1.26172467579e-06
2.70000000000e-05 -6.03735982581e-05
2.68720000000e-05 -8.93609126794e-04
2.61480000000e-05 -1.92796969685e-03
2.60990000000e-05 -2.52218298632e-03
2.70000000000e-05 -9.57255008154e-04
2.70000000000e-05 -1.37022596254e-03
2.70000000000e-05 -6.22113589152e-05
2.66850000000e-05 -2.49083960882e-03
2.70000000000e-05 -5.97526734832e-05
2.63040000000e-05 -5.90841366250e-05
2.70000000000e-05 -1.98158974403e-03
2.68720000000e-05 -4.95178887185e-04
2.70000000000e-07 -1.15357058091e-05
3.77980000000e-06 -6.41427210720e-05
2.64900000000e-05 -4.48826512848e-05
2.70000000000e-05 -1.30686607756e-03
2.14850000000e-05 -6.05934132989e-04
2.55280000000e-05 -3.81468111277e-05
2.64470000000e-05 -2.01155336972e-05
2.70000000000e-05 -9.79756542823e-04
2.68720000000e-05 -1.93646177656e-03
2.70000000000e-05 -2.45918510094e-03
2.56660000000e-05 -2.03199415420e-03
2.70000000000e-05 -1.08789076757e-03
2.66060000000e-05 -1.47335022475e-03
3.34820000000e-06 -1.21655784537e-06
2.70000000000e-05 -7.04264758703e-04
2.70000000000e-07 -1.49575858366e-11
2.70000000000e-05 -9.67639967010e-04
2.62680000000e-05 -1.95093212187e-03
2.70000000000e-05 -1.28093414813e-03
2.70000000000e-05 -4.59154000488e-04
1.73410000000e-05 -1.79535248724e-04
2.63780000000e-05 -5.89840319463e-05
2.65710000000e-05 -2.56092401151e-03
